0
0.136136
0.047263
0.133936
0.085456
0.04038
0.092575
0
0.102595
0.002138
0.056508
0.064814
0.090961
0.185699
0.047094
0.08686
0.13338
0
0.236152
0.044497
0.015314
0.028003
0.242577
0.076699
0.062582
0
0.041446
0.085521
0.079727
0.301381
0.115837
0.15613
0
0.047994
0.020768
0.070825
0.078572
0.133639
0.0186
0.151915
0.08686
0.05825
0.142928
0.232936
0.004697
0.122117
0.035704
0
0.106514
0.023476
0.046756
0.170368
0.002773
0.063157
0.063961
0.08686
0.086286
0
0.35236
0.021493
0.029075
0.092771
0.254908
0.026021
0
0.085015
0.019234
0.114203
0.086357
0.018009
0.186726
0.759263
0.261869
0.041606
0.090723
0.224029
0.189057
0.011832
0.003571
0.282052
0.045785
0.182712
0.107512
0.168297
0.081866
0.096719
0.290704
0
0.024015
0
0.146774
0.05646
0.359728
0.027707
0.164567
0.152615
0.0957
0.100728
0.090409
0.098977
0.247702
0.109026
0.049278
0.050781
0.062142
0
0.136733
0.138458
0.143763
0.058622
0
0.005981
0.109346
0.103013
0.004353
0.138328
0
0.045607
0.112049
0.038643
0.161438
0.203143
0.157678
0
0.096408
0.04493
0
0.798005
0.01501
0.056633
0
0.14526
0
0.142161
0.091941
0.181993
0.295463
0.283896
0
0
0.115127
0.013226
0.064645
0.596608
0.183666
0.149143
0.184511
0.079138
0.243866
0.02138
0.085051
0.162507
0.141554
0.119502
0.204416
0.146456
0.191949
0.191891
0.161429
0.081565
0
0.043309
0.020577
0.020069
0
0.344342
0.033629
0.09069
0.098921
0.08686
0.153212
0.045265
0.313141
0.146572
0.063081
0.093584
0.237985
0
0.056663
0.20184
0.106033
0.042189
0.102849
0.094353
0.035426
0
0.087562
0.053706
0.163529
0
0
0.016935
0.012666
0.290704
0.020603
0.129599
0.04146
0.067157
0.060908
0.106301
0.024329
0.085018
0.053485
0.109712
0.06834
0.038861
0.454807
0.097669
0.1592
0
0.155074
0.12635
0.124652
0.174079
0.052214
0.218126
0.205131
0.068819
0.133129
0.07226
0.022869
0.088604
0.050784
0.090723
0.082582
0.087504
0.349941
0.219287
0.068118
0.13769
0.116337
0.857143
0
0.029524
0.612568
0.099266
0.112138
0.146976
0.137053
0.709078
0.107318
0.156198
0.032975
0.219105
0
0.477154
0.096932
0
0.587461
0.17937
0.056312
0.122571
0.178453
0
0.090723
0.496501
0.079137
0.039502
0.059905
0.130202
0.027109
0.029562
0.063411
0.111221
0.049761
0.326585
0.049105
0.048671
0.07639
0.079683
0.10066
0.102954
0.088209
0.018253
0.454807
0.098046
0.065943
0.015156
0.22349
0.152221
0.062061
0.09375
0.074136
0.017407
0.135603
0.068787
0.000583
0.019634
0.139567
0.090007
0.07214
0.45746
0.074995
0.026882
0.031797
0.017934
0.010416
0.061556
0.230992
0.119572
0.008132
0.928325
0.136595
0.047019
0.261226
0.109204
0.12861
0.049672
0.089121
0.086059
0.216735
0.122535
0.073709
0.023188
0.011453
0.127814
0.10663
0.085348
0.044915
0.330928
0.186273
0.081744
0
0.109517
0.014393
0.619138
0.149633
0.162375
0.09673
0.370927
0.111221
0.052174
0.034393
0.165768
0.166048
0.062779
0.023222
0.111719
0.532898
0.232792
0.122513
0.06623
0.091797
0.015848
0.080242
0.111221
0.085429
0
0.136689
0
0.012859
0.03911
0.254472
0.137466
0.064907
0.094131
0.149662
0.145082
0.034373
0.015819
0.08686
0.063961
0.086046
0.08335
0.031631
0.191296
0.157423
0.011857
0.023956
0
0.065143
0.104157
0.063719
0.151501
0.107367
0.02044
0.127432
0.087281
0.029096
0.078343
0.241522
0.056085
0.088473
0.00045
0
0.367832
0.209785
0.318382
0.042434
0
0.075961
0.15202
0.007306
0.015616
0.124782
0.045137
0.063668
0.188915
0.162854
0.109136
0.013009
0.13575
0.119213
0.10472
0.053682
0.020858
0.091797
0.109339
0.106264
0.105387
0.095892
0
0.067376
0.380233
0.182142
0.012928
0.523758
0.02242
0.076696
0
0.040771
0.111221
0.207634
0.101369
0.046938
0.10785
0.020414
0.121454
0.069216
0.076178
0.088473
0.558946
0.218005
0.152489
0.04731
0.166523
0.044822
0
0.226266
0.09426
0.085157
0.072451
0.199937
0.014518
0.195515
0.088473
0.068236
0.094764
0.017811
0.073309
0.04294
0.019078
0.017586
0.017751
0.051311
0.092724
0.098558
0.159998
0.389752
0.089272
0.167928
0.048185
0.152988
0.01779
0.034456
0.030922
0
0.102598
0.01868
0.116614
0.125707
0
0.087035
0.259336
0.065622
0.037566
0
0.3251
0.064861
0.171342
0.409705
0.097982
0.073589
0.010345
0.141283
0.359718
0.874851
0.03169
0.041784
0.022024
0.064509
0
0.877294
0.015819
0.040199
0.238591
0.188257
0.092054
0
0.082463
0.019016
0.087901
0.05934
0
0.070607
0.090796
0
0.178938
0.136492
0.025808
0.074267
0.337696
0.163236
0.051548
0.065101
0.09194
0.213293
0.080727
0.448914
0
0.002971
0.088473
0.070019
0.036959
0.0222
0.094162
0.098424
0.116328
0.056936
0.210313
0.093423
0
0.00611
0.00712
0.032465
0.142412
0.046675
0.070457
0.058615
0.112032
0.051426
0.112032
0.039802
0
0.173329
0.08141
0.068119
0.209835
0.088473
0.489569
0.069576
0.076399
0.028065
0.110183
0.116472
0.073818
0.038039
0.088473
0.044374
0.233006
0.17729
0.402147
0.09364
0.035763
0.055873
0.094614
0.090723
0.058056
0.036295
0.095139
0.156228
0.095776
0.026933
0.046983
0.148662
0.062307
0.554336
0
0.034381
0.066679
0
0.096622
0.147799
0.066086
0.077547
0.032472
0.035873
0.003283
0.144462
0.931034
0.137347
0.090723
0.044069
0.060508
0.076976
0.037452
0.090723
0
0.124652
0.216101
0.038786
0.062444
0.033259
0.040129
0.056228
0.16458
0.137311
0.053516
0
0
0.180032
0.343515
0.053536
0.034717
0.02964
0.110395
0.10383
0.173216
0
0.060315
0.070276
0.065553
0.167333
0.055439
0.089219
0.093907
0
0.208187
0.279833
0.068316
0.084925
0.068316
0.059396
0.125474
0.010392
0.172413
0.045381
0.089403
0.048844
0.14268
0.00433
0.090945
0.120849
0.05492
0.011856
0.208765
0.140623
0.110933
0.063282
0.029575
0
0.295554
0.043628
0.141469
0.069743
0.027334
0.022755
0.068316
0.040089
0.135347
0.073897
0.124809
0.167333
0.02999
0.008056
0
0.064268
0.092664
0
0.111648
0.004953
0.333844
0.458666
0
0.065161
0.225555
0.1536
0
0.041274
0.199433
0.041413
0.068316
0.126773
0.052341
0.389177
0.280341
0.043099
0.188013
0
0.010968
0.131387
0.041614
0.194225
0.024804
0
0.109789
0.008194
0.043961
0.054334
0.006617
0.024928
0.043893
0.08686
0.138952
0.221603
0.030515
0.046915
0.13847
0.080312
0.040799
0.026446
0.259863
0.035974
0.053806
0.10901
0.098458
0.273693
0.042859
0.188136
0.104626
0.012324
0.016345
0.059795
0.244561
0.114782
0.099628
0.178938
0.138857
0
0.138067
0.088098
0
0.066607
0.056244
0.079318
0.088473
0.095939
0.105521
0.032406
0.044085
0.181825
0.082032
0.053648
0.077553
0.083089
0.083099
0.022173
0.163468
0.035769
0.707182
0.071196
0.14984
0.151925
0.128645
0.492369
0.161179
0
0
0.277113
0.024762
0.05482
0
0.090941
0.088703
0
0.083015
0.124987
0.021538
0.067571
0.037025
0.03564
0
0.122962
0
0.441557
0.020222
0.08686
0.105788
0.36459
0.097912
0.043434
0.08686
0.215351
0.041931
0.130849
0.075342
0.01219
0.334352
0.100246
0.069482
0
0.162645
0.096308
0.088473
0.016676
0
0.088703
0.461866
0.019564
0.045566
0
0
0.117115
0.234296
0.573014
0.167806
0.088473
0.121606
0.044312
0.088473
0.02772
0.063905
0.257676
0
0.07911
0.558291
0.050022
0.094131
0.088121
0.241045
0.079778
0.047813
0.044366
0.276569
0.030917
0.121998
0.246806
0.033349
0.09569
0.025973
0.316843
0.07552
0.013307
0.025627
0.090723
0.059815
0.06831
0.025342
0.272585
0.075024
0.272585
0.025309
0.023725
0.105594
0.047311
0.059175
0.636069
0.179585
0.11517
0.08686
0.067761
0.059471
0.25354
0.059422
0.017434
0.062059
0
0.303168
0.047068
0.169644
0.104102
0.908403
0.080786
0
0.166074
0
0.031728
0.052341
0.033516
0.092968
0.132096
0.030645
0.143687
0.131196
0.033134
0.223728
0.03198
0.273446
0.202453
0.046765
0.01766
0.054768
0.372573
0.193336
0
0.253024
0.231832
0.018882
0.034596
0.088473
0.521811
0.348016
0.035929
0.094071
0.012074
0.14138
0.015954
0.176777
0.107318
0.073632
0
0.085085
0.137472
0.204966
0
0.029772
0.01993
0.084845
0.11555
0.150879
0.038161
0.041274
0.084557
0.181534
0.13167
0.074079
0.081962
0.028022
0.027862
0.161062
0.489219
0.057749
0.068819
0.169335
0.606442
0.035426
0.064443
0.044479
0.030779
0.049768
0.093584
0.046451
0.034847
0.052331
0.147583
0.10265
0.136141
0
0.194303
0.094728
0.080231
0.085747
0.107371
0.025678
0
0.087813
0.039853
0.06712
0.004555
0.054301
0.480464
0.227708
0
0.023591
0.449749
0.025247
0.09005
0.032944
0.01942
0.069171
0.031986
0.101923
0.054616
0.012049
0.016223
0.159453
0.074178
0.090221
0.139531
0.092439
0.162796
0.053784
0.363099
0.321254
0.130855
0.186342
0
0.144446
0.048216
0.134532
0
0.004101
0.073933
0.011439
0.270234
0.043781
0.053606
0.041066
0.103544
0.204137
0.327816
0.136298
0.044657
0.075633
0.198906
0.069823
0.076505
0.059783
0.172378
0.0583
0.036967
0.046938
0.260141
0.171697
0.139019
0.021657
0.106722
0.092119
0.106323
0.063234
0.068417
0.112107
0.075435
0.127202
0.197331
0.109708
0
0.039382
0.096474
0.017634
0.014075
0.171726
0.184111
0.052275
0.187844
0.168956
0.031829
0.012347
0.023338
0
0
0.012648
0.065177
0.025595
0.016709
0.024214
0.005457
0.025924
1
0
0.611747
0.008516
0.007452
0.049496
0
0.031455
0.024854
0.354544
0.036924
0.027614
0.017787
0.046297
0.012203
0
0
0
0
0.096602
0
0.108358
0.05613
0.513676
0.083996
0.195288
0.068876
0.026932
0
0.070304
0.112108
0.00748
0.088473
0.125242
0.002998
0.01248
0.006411
0.017542
0.088473
0.007654
0
0.488645
0.016654
0.113891
0.088333
0.010676
0.039479
0.203083
0.019226
0.017215
0.065523
0
0
0.124072
0
0.032902
0.038485
0.033522
0.018389
0.095925
0
0.116985
0.074391
0
0.002773
0
0.118966
0.030873
0.007556
0.007556

0.205675
0.036502
0.033722
0.030766
0
0.029163
0.021153
0.059005
0
0.070127
0.039191
0
0.023358
0.021
0.197141
0
0.057787
0.105998
0.023381
0.097451
0.107842
0.049025
0
0
0
0.027925
0
0.574378
0.003899
0
0.002773
0.009952
0.053766
0.185699
0.085429
0.016826
0
0.012701
0.068701
0.012648
0.001302
0.074917
0.022124
0.054301
0.004411
0.26099
0
0
0.035687
0.005523
0.134201
0.031439
0.008514
0.051813
0.053761
0.082639
0.066955
0.178962
0
0.055024
0.408818
0.063641
0.149471
0.052101
0.025454
0.234918
0.002894
0.542455
0.054681
0.027825
0
0.54993
0.065592
0.296632
0.123597
0.08936
0.019681
0.038314
0.108984
0.279361
0.029342
0.009928
0.033593
0.034976
0.028753
0.034921
0.003283
0
0.061839
0
0.047434
0.443248
0.177697
0.192109
0.007116
0.124503
0.000659
0.145182
0.032331
0.091797
0.002773
0.022333
0.045685
0.39022
0.008659
0.064576
0.385664
0.135929
0.056979
0.045582
0.15266
0.092101
0.173819
0.088473
0.336202
0.132881
0
0.048591
0.008659
0
0.142631
0.085161
0.048591
0
0.380885
0.014839
0.052108
0.027351
0.353589
0.095865
0.047124
0.028672
0.095259
0.008659
0.03596
0.192327
0.074504
0.144281
0.016398
0
0.01897
0.007556
0.738441
0.004234
0.101787
0.074059
0.013982
0.006423
0.002773
0.073977
0.031661
0.304546
0
0
0
0.022458
0.022458
0.008516
0.013524
0.002485
0
0
0.03308
0.234957
0.0114
0.078003
0.002773
0.154122
0.012716
0.024937
0.024085
0.931034
0.335232
0.099902
0.008659
0.087489
0.18129
0.000676
0
0.027089
0.774394
0.026334
0.090573
0.094137
0.090723
0.026771
0
0
0.052258
0.299676
0
0.013004
0.060685
0.050009
0.012874
0.033051
0.118241
0.794267
0.106425
0.539966
0.134714
0.271187
0.016912
0.073989
0.096408
0.031865
0.188305
0.156239
0.028936
0.07208
0.068294
0.025424
0.027639
0.001447
0.012928
0
0.090935
0.002773
0
0.034593
0
0.008479
0.042434
0.108768
0.027799
0.096545
0.005424
0.067017
0.000687
0.079223
0
0.128559
0.036312
0.092584
0.925241
0.076631
0.044479
0.066551
0.079137
0.107494
0.159421
0.043343
0.007747
0.19128
0.095285
0.291605
0.088559
0.097231
0.095888
0.195804
0.058362
0.031297
0.041688
0
0.060661
0.113472
0.036959
0.124016
0.789956
0
0.018735
0
0.000821
0.0934
0.323701
0.201698
0.08686
0
0
0
0.193849
0.00672
0.002905
0.065779
0
0.091323
0.025595
0.132964
0
0.012075
0.054432
0.007306
0.041694
0.285665
0.108373
0.041073
0.032589
0.049306
0.088473
0.16867
0.132645
0.044246
0
0.179911
0.046134
0.045041
0.037645
0
0.064232
0.00492
0
0.051103
0.145185
0.211222
0.02519
0.204901
0
0.024721
0.023103
0.088987
0.077828
0.181684
0.042131
0
0.339139
0.002773
0.067852
0
0.074917
0.007924
0.142155
0.159358
0.020456
0.022473
0.274184
0
0.126154
0
0.002784
0.001736
0.21273
0.025284
0.788595
0
0.063746
0.223981
0.167164
0.711937
0.079137
0.267583
0.093053
0.126784
0.124037
0.023908
0.173993
0.010873
0
0.068514
0.125242
0
0.076822
0.029918
0
0.091074
0.0153
0.004234
0.090723
0.759263
0.183285
0.063526
0.033065
0.015367
0.208269
0.020023
0.012316
0.057564
0.007306
0.767442
0.043503
0.026256
0.875455
0.031273
0.072621
0.043292
0.190919
0.078612
0.056911
0
0
0
0
0.026834
0.088473
0.080876
0.440733
0.021348
0.035626
0.160294
0.083261
0.2239
0.035129
0.350873
0.288939
0.028337
0.087813
0.185206
0
0.029857
0.234857
0.267962
0.127882
0.147106
0.088473
0.047563
0.169144
0.023467
0.067274
0
0.039364
0.073913
0.005638
0
0.104153
0.073639
0.203755
0.222973
0.161902
0.00905
0.085429
0.059886
0
0.037368
0.040131
0.285
0.179821
0.017407
0.010454
0.186114
0
0.037529
0.022813
0.476116
0.000792
0.079137
0.02527
0.075308
0.109857
0.101349
0.10785
0.046951
0.098207
0.014902
0.060679
0.094605
0.088473
0.051394
0.002604
0.053264
0.20262
0.052167
0.0048
0.059169
0.036911
0.036101
0.108769
0
0.002988
0.000725
0.328748
0.088192
0
0.002773
0.11488
0.095453
0.108879
0.360076
0.065044
0.197124
0
0.081902
0.16342
0.063058
0.070811
0
0.069863
0.022246
0.007355
0.05175
0.092687
0.017405
0.113226
0.216729
0.088077
0.10192
0.03704
0.062444
0.016435
0.073736
0.718929
0.294382
0.164863
0.089478
0.281754
0.026267
0.012928
0
0.062325
0.029857
0
0.008659
0.340558
0.052018
0.036792
0.07186
0.139403
0.074518
0
0.05786
0.1653
0.003798
0.037764
0.020684
0.069543
0.013537
0.036829
0.023338
0.006021
0.065462
0
0.095222
0.005138
0
0.198657
0.048797
0.008659
0
0.240069
0.156198
0.013021
0.005471
0.03714
0.082995
0
0.094071
0.050072
0.219396
0.022263
0.008499
0.009188
0.227838
0
0.063682
0.061537
0.078708
0
0
0.142842
0
0.066456
0.088473
0.160934
0.032902
0.022458
0.01629
0.040347
0.023512
0.06469
0.019449
0.090638
0.00224
0.040545
0.048666
0.002604
0.013527
0.088473
0.006151
0.016189
0.013746
0
0.130112
0.326609
0
0.581906
0.202167
0.083067
0.876819
0.034548
0.011152
0.187738
0.155381
0.003283
0.18704
0.011295
0.030417
0.020602
0.240953
0
0.002787
0.200585
0.006447
0.000676
0.893576
0
0.095218
0.053445
0.02334
0.076007
0.010762
0.018633
0.108505
0.789769
0.312801
0.052254
0
0.026506
0.205206
0.001745
0.020048
0.743474
0.008144
0
0.044649
0.042787
0.788595
0.064268
0.278078
0.087823
0.058044
0.019539
0.01225
0
0.003048
0.007654
0
0
0
0.045146
0
0
0.017206
0
0
0.066416
0.220636
0.067763
0.08686
0.036319
0.102247
0.02981
0
0.081882
0.02931
0
0.050054
0.100632
0.18466
0.017848
0.022156
0.198312
0.024291
0
0.097792
0
0.171432
0
0.097893
0.143818
0.012694
0.52034
0.015278
0.137585
0.044588
0
0.012701
0.094273
0.126715
0.06791
0.055705
0.010818
0.779485
0.57723
0.076351
0
0.05038
0
0.265061
0.27726
0.187336
0.05991
0.127618
0.103818
0.046212
0
0.032644
0
0.037799
0.072452
0.10531
0.067467
0.08686
0.169019
0
0.078403
0.049775
0.070997
0.383489
0
0.122318
0.042709
0.041878
0.090995
0.025924
0
0.002773
0.046261
0.076313
0.102677
0.110401
0.260329
0.109725
0.122662
0.110679
0.0602
0.00956
0.038313
0.257736
0
0
0.053518
0.001154
0.119117
0
0
0.09559
0.002302
0
0.260694
0.090723
0.096764
0
0.116802
0.086046
0.025201
0.11557
0.461702
0.050338
0.0502
0.004688
0
0.140796
0.0945
0.054776
0.028581
0.007144
0
0.148194
0
0
0.011091
0
0.52034
0.02938
0.027002
0.134929
0.195321
0.213078
0.075858
0.078666
0.023381
0.019313
0.120513
0
0.184943
0.101954
0.08686
0
0.322382
0.018175
0.126418
0.15927
0.034351
0.455556
0.039531
0
0.258065
0.01835
0.179723
0.085244
0.211857
0.078169
0
0.144876
0.226525
0.099406
0.146118
0.176711
0.229954
0.264691
0.074492
0.384484
0.067037
0.297468
0.222672
0.096392
0
0.189386
0.297161
0.031826
0
0.108316
0.103742
0.078663
0.080849
0.075402
0.035693
0.248042
0.146504
0.089225
0.000676
0
0.042534
0
0.070522
0.1639
0.061472
0
0.071037
0.439277
0.029096
0.025788
0.2134
0.088473
0.194771
0.149699
0.051827
0.020564
0.088585
0.088473
0.115346
0.134249
0
0.351021
0.188542
0.176057
0.06319
0.163619
0.045829
0.26989
0.1807
0.171583
0.060226
0.09791
0
0.096399
0.097102
0.326775
0.084459
0.083984
0.09359
0.333081
0.059776
0.041962
0
0.275267
0
0.035704
0.039472
0.288239
0.568984
0.040113
0.042633
0.034037
0.020802
0.324404
0.113274
0.845083
0.11117
0.082396
0.100427
0
0
0.013116
0.066968
0.047118
0.236953
0.724492
0.319657
0.333173
0.053047
0.112148
0.039336
0.156427
0.04121
0.324763
0
0.070101
0.74219
0
0.186636
0.231735
0.040439
0.089912
0.13051
0
0.189918
0.01391
0.029621
0.107954
0.095762
0.190061
0.102372
0.073405
0.07751
0.059928
0.147411
0.1592
0.064318
0.049635
0.087455
0.154044
0.116318
0
0.101877
0
0.517912
0.039462
0.088761
0.112297
0
0.931034
0.166282
0.214694
0.194473
0.153719
0.081147
0.090336
0.164301
0.089753
0.247936
0.147472
0.088473
0.235828
0.700583
0.032491
0.432029
0.108223
0.724322
0.135603
0
0.065084
0.276945
0.114487
0.099569
0.16267
0.079713
0.232893
0.097815
0.237411
0.336932
0
0.08686
0.010788
0.14991
0.150512
0
0.012718
0.931034
0.088228
0.035105
0.278775
0.097361
0.149466
0.009156
0.06884
0.119457
0
0.130459
0.023939
0
0.300524
0.245014
0.046983
0.024764
0.233454
0.076765
0.320214
0
0.055211
0.124295
0.188668
0
0.045715
0.244392
0.047828
0.444484
0.060818
0.155974
0
0.379358
0.135429
0.159825
0
0.157738
0.13847
0.232258
0.042298
0.25369
0.100726
0.26546
0.47962
0.088473
0.115302
0.125956
0.21972
0.295941
0.150335
0.328976
0.22532
0.226254
0.034457
0
0.350977
0.12532
0.075193
0.280074
0.264804
0.328203
0.133267
0.092166
0.021927
0.026032
0
0.281143
0.230181
0.310548
0.066281
0.004261
0
0
0.221023
0.62973
0.06344
0
0.078224
0.535654
0.19888
0.36475
0.837094
0.097361
0.071548
0.057353
0.138677
0
0.156752
0.171556
0.157475
0.236483
0.441075
0.088473
0.14983
0.134753
0.102658
0.123965
0.151682
0.663729
0.018742
0.812742
0.195107
0
0.102404
0.103037
0.126292
0.07451
0.339367
0.223218
0.246273
0.84811
0
0.08686
0
0.197291
0.07772
0.183416
0.702436
0.051859
0.145488
0.019136
0.100336
0.304216
0.112983
0.1958
0.108997
0.11812
0.035371
0.18154
0
0.047565
0.020035
0.067446
0.173099
0.013375
0.133858
0.551351
0.09224
0.025313
0.38847
0
0
0.229228
0.136759
0
0.136956
0.730143
0.135363
0.080507
0.228559
0.235193
0.349107
0.09107
0.020788
0
0.12011
0.041356
0.383577
0.14705
0.131417
0.521811
0.436975
0.145178
0.303348
0.687816
0.133876
0.157573
0.141217
0.716297
0.042225
0.108575
0.23011
0
0.172245
0.089574
0.383726
0.195526
0.183874
0.145367
0.081638
0.535227
0.507588
0.18247
0.172991
0.045592
0.742785
0.111075
0.265099
0.090394
0.056117
0.141208
0.146974
0.296733
0.239062
0.229085
0.089819
0.146694
0
0.143052
0.124239
0
0.088585
0.184922
0.175512
0.190409
0.02279
0.074446
0.286694
0.204292
0.127425
0.103993
0.349107
0.069125
0.051333
0
0.061043
0.142145
0.761288
0.181955
0.406502
0.786306
0.002912
0.322719
0.256311
0.150609
0
0.090379
0.032546
0.031826
0.163799
0.29332
0
0.091075
0.263996
0.168782
0.18241
0.1659
0.10595
0
0.274107
0.638402
0.249856
0.019073
0.43774
0.213449
0.128957
0.220257
0.268713
0.254244
0.282807
0.503219
0.189205
0.543744
0.117309
0.288707
0.223279
0.085626
0
0.096194
0.145567
0.049964
0.16734
0.272801
0
0.178108
0.844171
0.02007
0.26304
0.558778
0
0.08259
0.081471
0.763865
0.085492
0.021265
0.155237
0.092888
0.044604
0.073566
0.000676
0.478482
0.044012
0.148364
0.151451
0.042543
0.09402
0.494975
0.452172
0.078438
0.080339
0.706133
0
0.002773
0
0.117482
0.098488
0.234945
0.225708
0
0.691466
0.193901
0.08996
0.024659
0.07556
0.172601
0
0.245435
0.435565
0
0.129456
0.345544
0.088473
0.138886
0.187731
0.131649
0.495786
0.258534
0.069351
0
0.052077
0.088473
0.104455
0.30478
0.322522
0.166501
0.408722
0.119251
0.077104
0.096159
0.146694
0.170368
0.07185
0
0.05497
0.233318
0.453359
0.414352
0.325734
0.237908
0.112365
0.179452
0.157473
0.227386
0.016382
0.271832
0.147785
0.223898
0.061978
0.15779
0
0.02646
0.344627
0.036135
0.554968
0.094672
0.109736
0
0.115796
0.132823
0.08724
0.067436
0.058393
0.029953
0.27346
0.417079
0.239951
0.010548
0.04544
0.098076
0.125259
0.097208
0.136907
0.17937
0.32545
0.026446
0.294038
0.026446
0.114568
0.064077
0.009518
0.094148
0.155972
0.003725
0.057724
0.290072
0.066239
0.157498
0.109817
0.186916
0.027334
0.644145
0
0.036605
0.049042
0.221097
0.089043
0
0.069091
0.717179
0.271277
0.015477
0.177813
0.130266
0.034322
0
0.008244
0.083474
0.161703
0.300156
0.138787
0.455042
0.237873
0.288708
0.77484
0.060672
0.535253
0.083294
0.328971
0.231998
0.139516
0.185162
0.066635
0.055827
0.179497
0.35202
0.088473
0
0.276544
0.100464
0.00723
0.005457
0.10605
0.127558
0.231754
0.592546
0.277989
0.105176
0.031627
0.090183
0.259109
0
0
0.088473
0.407706
0.093433
0.130168
0.085487
0.094135
0.093299
0.058056
0.082947
0
0.096486
0.02461
0.068236
0.084662
0
0.045808
0.217434
0.126399
0.098244
0.034976
0.063545
0.195025
0.177583
0.034419
0.056713
0.092714
0.17199
0.052018
0.058262
0.369021
0.163668
0.065304
0.256145
0.065185
0
0.115224
0.070603
0.212214
0.163165
0.089845
0.079797
0.05339
0.018867
0.067661
0.217338
0.127307
0.093299
0.10306
0.023162
0.034337
0
0.083257
0.079788
0.046971
0.057901
0
0.075613
0.076328
0.122337
0.205042
0
0.021861
0.169735
0.081424
0
0.018032
0.048319
0.134868
0.090039
0.188803
0.038121
0.035292
0.110508
0.102398
0
0.034971
0.154099
0.149825
0.038313
0.002536
0.090723
0.015515
0.073232
0.276358
0.22812
0.046615
0.101336
0.101372
0.209246
0.212214
0.224256
0.127943
0.0558
0.116471
0.08686
0
0.191106
0.016096
0.109651
0.112014
0.025441
0.037163
0.063244
0.157139
0.091797
0.032928
0.030461
0.093016
0.03099
0.105193
0.070687
0.087276
0.054485
0.101436
0.032058
0.03279
0.041112
0.02628
0.065645
0.020216
0.03328
0.129525
0.322015
0.06371
0.021572
0.053318
0.074669
0.002275
0.127509
0.008619
0.091559
0.456633
0.006134
0.046878
0.061921
0.916061
0.05571
0.037806
0.192869
0.260419
0.079113
0
0.080537
0.049965
0.172906
0.076707
0.160185
0.014902
0.082216
0
0.036643
0.043182
0.097231
0.113162
0.068875
0
0.212195
0.140585
0.080158
0.05029
0.088473
0.091797
0.268462
0
0.108816
0.124079
0.214297
0.058226
0.213347
0.048226
0.12001
0
0
0.084008
0.061968
0.091797
0.026616
0.626538
0.045317
0.042364
0.050811
0
0.039926
0.070396
0.083593
0.104304
0.07078
0.13241
0.26908
0.144836
0
0.141392
0.267612
0.07084
0.242327
0.266609
0.341888
0.058226
0.014731
0.121242
0
0.086571
0.108981
0.088473
0.13976
0.139579
0.01732
0
0.08241
0.044915
0.212214
0.081696
0.03108
0.238645
0.016824
0.081696
0
0
0.141928
0.088348
0.069503
0.104366
0.116855
0.032804
0.175694
0.076926
0.088396
0.081094
0.069622
0.081549
0.047946
0.039668
0.108049
0.054589
0
0.046649
0.035609
0.192967
0.019371
0.097952
0.086124
0.058154
0.010267
0.057559
0.090723
0.109487
0.04962
0.041884
0.079493
0
0.088473
0.073108
0.066252
0.038675
0.060819
0.153238
0.178602
0.094297
0.047143
0.463859
0.159904
0.117276
0.931034
0.786011
0.012994
0.129698
0.097877
0.005664
0.038173
0.049446
0
0.053939
0.169188
0.127995
0.211942
0.472852
0.334035
0.064232
0.034572
0.175036
0.049824
0
0.260904
0.019954
0.037687
0.054167
0.217271
0.220534
0.099217
0.091298
0.126657
0.074103
0.151072
0.020751
0.023267
0.228569
0.088473
0.020293
0.083843
0.152835
0.026251
0.090219
0.103858
0.210302
0.02484
0
0.070869
0
0.059169
0.16705
0
0.023908
0.412111
0.065081
0.423322
0.01585
0.109937
0.08686
0.068788
0.062346
0.094228
0.039856
0.087161
0.109962
0
0.017199
0.043905
0.01835
0.033051
0.054955
0.109137
0.08686
0.118115
0.06538
0.20725
0.049985
0.115107
0.093987
0.198256
0.013787
0.038095
0.086549
0.858862
0.083276
0.010774
0.247016
0.144262
0.055628
0.113162
0.073806
0.184943
0.454222
0.269928
0.020749
0.072202
0.04226
0.007567
0.043527
0.333674
0

0
0.039628
0.036881
0.158116
0
0.145446
0.012525
0.082949
0.014031
0.055967
0
0.08248
0.017315
0.071154
0.003048
0.076196
0.03666
0.146536
0.014229
0.032887
0.072489
0.073748
0.254708
0.202799
0
0.19511
0.099406
0.11392
0
0
0.04558
0.065266
0.029782
0.271277
0
0.077008
0.053736
0.037468
0.090398
0.138839
0.037247
0.020749
0.027799
0.090135
0.017673
0.183357
0.088265
0
0
0.112572
0
0
0.024931
0.103912
0.169577
0.053125
0.077574
0.090292
0.010173
0.076993
0.10313
0.099136
0.296002
0.039296
0.184943
0.931034
0.008811
0.324321
0.22271
0.094855
0
0.302812
0.069533
0.113162
0.120772
0.205845
0.129657
0.073933
0.044479
0.024117
0.040634
0.043662
0.044479
0.205733
0.038388
0
0.246966
0.141933
0.482098
0.204054
0.088473
0.199051
0.318366
0.096906
0
0
0.030615
0.092051
0.099685
0.064676
0.106569
0.097231
0.781159
0.168394
0.050749
0.166255
0.038388
0.084393
0
0.363837
0.13311
0.057686
0.650763
0.092092
0.177924
0.082949
0.083673
0.164833
0.110354
0.043411
0.136106
0.017868
0.070396
0.061751
0.024114
0.088473
0.263936
0
0.101847
0
0.010754
0.030254
0.10248
0.144278
0.136666
0.099137
0.093037
0.029817
0.522036
0.066452
0.190587
0.151216
0
0.007987
0.044946
0.700583
0.111782
0.092341
0.035658
0.110935
0.219909
0
0.100077
0.081943
0.188963
0.124561
0.082871
0.074446
0.197971
0.018981
0.267983
0.047529
0.087606
0.063522
0.063522
0.029998
0.049289
0.095822
0.138394
0.020927
0.010065
0.115803
0.040159
0.079137
0.103875
0
0.080805
0.093819
0.521182
0.764354
0.141821
0.089117
0.037314
0.235223
0.09033
0.198196
0.04982
0
0.131821
0.124278
0.278118
0.076915
0.457326
0.167209
0.011029
0.249842
0.152601
0.143819
0.098738
0.231891
0.11462
0.041301
0.184943
0.130379
0.062767
0.095836
0.074645
0
0.05727
0.070567
0.05285
0.103642
0.145488
0
0.102609
0.148171
0.20156
0.072034
0.033911
0.117386
0.408532
0.082472
0.028813
0.027817
0.045552
0
0
0.197674
0
0.045953
0
0.027191
0
0.071297
0.194627
0.039036
0.092722
0.90458
0.044526
0.078726
0.11832
0.088473
0
0.048176
0.026819
0.090723
0.067124
0.105722
0.03426
0.046617
0.080798
0.144674
0.54993
0.18771
0.193457
0.100216
0.056897
0.109664
0.056494
0.252609
0.232282
0.100439
0.08883
0.262377
0.089393
0.046409
0.132642
0.198631
0.048248
0.18577
0.053758
0.050068
0.131727
0.162876
0.093784
0.206026
0.06303
0

0.069834
0.022538
0.023933
0.085429
0.208436
0.198796
0
0.329795
0.110006
0.08686
0
0.040364
0.090752
0.042581
0.210916
0.08686
0.069074
0
0.065137
0
0.122933
0
0
0.497362
0.142088
0.09214
0.234983
0.01833
0.069198
0.183285
0
0.035159
0.044479
0
0.167653
0.649409
0.032137
0.013964
0.007852
0.054636
0.029908
0.006447
0.025025
0.023149
0.043309
0.038819
0
0.090723
0
0.423322
0.033658
0.098696
0.097932
0.04234
0.611328
0.065177
0.05462
0.074323
0.099011
0.109626
0.242964
0.109626
0.137055
0.478278
0.499564
0.038789
0
0.074457
0.040456
0.182167
0.109224
0.109626
0.097654
0.079137
0.290754
0.11302
0.11302
0.140754
0
0.109747
0.0331
0.751149
0.109626
0
0.04043
0.11302
0.041085
0.11302
0.011249
0.091108
0.151202
0.031036
0.068368
0.11302
0.081402
0
0.051899
0.121109
0.088473
0.273241
0.093519
0.385549
0.50323
0.079454
0.067673
0.473296
0.357347
0.165922
0.06578
0.019771
0.162722
0.15018
0.079137
0.070169
0.088703
0.048042
0.108335
0.104383
0.248207
0
0.625762
0
0.093299
0.049507
0.142865
0.435107
0.29692
0
0
0.012699
0.66675
0.111463
0.155243
0.041221
0
0.01927
0.012879
0.058023
0.08946
0.221089
0.141283
0.216834
0.11302
0
0.088703
0
0.171067
0.131592
0.028873
0.082074
0.148128
0.041085
0.096979
0.188428
0.208761
0.049288
0.56088
0.095113
0.159117
0.168399
0.126394
0.097227
0.179963
0.13859
0.074078
0.113538
0.041085
0.045494
0
0
0.043134
0.063918
0.126336
0.098353
0.720494
0.037278
0.088473
0.076594
0.03878
0.09194
0.025418
0.032074
0.051816
0.035798
0.089348
0.038643
0.185582
0.728388
0.034624
0.037278
0.023889
0
0.105491
0.110466
0.085532
0.142983
0.316465
0
0.08686
0.03101
0.201886
0.088473
0.086886
0.179411
0.043438
0.163105
0.084643
0
0.258282
0.011724
0.037278
0.07009
0.024592
0.047245
0.044566
0.050436
0.089348
0.00855
0.026815
0.088473
0.029837
0.027334
0
0.15279
0.027944
0.038831
0.014216
0.062204
0.024685
0.063027
0.044822
0.638889
0.093819
0.133981
0.089348
0.027334
0.150597
0.095471
0.068957
0.157189
0.057199
0.074557
0.069062
0.154754
0.037278
0
0.016579
0.088473
0.000659
0.102155
0.08015
0.027334
0.018617
0.089348
0.018647
0.068867
0.020979
0.527484
0.021402
0.011624
0.015379
0.085471
0.089348
0.021117
0.057786
0.020219
0.071106
0.088473
0.108317
0.067203
0
0.070091
0
0.086262
0.067003
0.066117
0.103988
0.087563
0.021645
0.234804
0.069715
0.1799
0.069186
0
0.056926
0
0
0.10491
0
0.058837
0.271176
0.114068
0
0.044794
0
0.048484
0.027334
0.077441
0.130151
0.520558
0.090723
0.252097
0.090183
0.032929
0.042249
0.075028
0.591828
0.087276
0
0
0.098657
0.406975
0.111853
0.029057
0.08686
0.234945
0
0.01975
0.135607
0
0.069816
0.026029
0.054524
0.088473
0.111321
0.039836
0.032793
0.027334
0.113897
0.027334
0.240451
0.181583
0.386581
0
0.064564
0.037114
0
0.108828
0.034852
0.269993
0
0.082872
0
0.071941
0.132368
0.043183
0.489675
0.055596
0
0.403494
0
0.043183
0.007583
0.103982
0.162589
0.025676
0.335327
0
0.062121
0.007034
0.09194
0.043098
0.073276
0.041494
0.100122
0.022413
0.014221
0.034624
0.139701
0
0.031159
0.039795
0.102155
0.021151
0.040972
0.063526
0.10308
0.323794
0.063526
0.030846
0
0.017309
0.028324
0.042921
0.093926
0.088473
0.059562
0.025316
0.024048
0.063403
0.180521
0.017751
0.082395
0.030808
0.066117
0.082511
0.027148
0.075457
0.017592
0.063526
0.021279
0
0.08686
0.058566
0.063526
0.018143
0.030523
0.117554
0.023767
0
0.100033
0.101244
0.021408
0.043438
0.08686
0
0.024442
0.189918
0.134936
0.093916
0.04423
0.088473
0.018193
0.396026
0.08686
0.022871
0.08686
0.109658
0.080636
0.413721
0.063358
0
0.026732
0.05321
0.027243
0.110164
0.429694
0.237908
0.03482
0.132528
0.050132
0.046764
0.027157
0.342967
0.076331
0.038165
0.049699
0.406862
0.162605
0.098864
0.125966
0.054301
0.039131
0.03528
0.09194
0
0
0.180565
0
0
0.015449
0.134479
0.059299
0.01835
0.071558
0.057761
0
0.019668
0.099011
0.064731
0.098955
0.027148
0.067993
0.191194
0.130771
0.129685
0.019767
0.088473
0.065174
0.02489
0.046913
0.136286
0.094049
0.166529
0.022896
0.025053
0.027148
0
0.394089
0.141325
0.08686
0.096095
0.046592
0.024443
0.314758
0.078688
0.106467
0.04119
0.015265
0
0.043415
0.228391
0
0.087471
0.070677
0.037332
0.014337
0.053724
0.114095
0.541154
0.099011
0.112608
0.141091
0.023181
0.104957
0.303778
0.12917
0.036959
0.103483
0
0.024354
0.038756
0
0
0.108887
0.02872
0
0.067575
0
0.638656
0.063216
0.044576
0.056605
0.046983
0.030168
0.046481
0.029731
0.029782
0.13893
0.10174
0
0.285519
0.09687
0.129909
0.046746
0.208126
0.086315
0.04615
0.040021
0
0.281684
0.069092
0.180767
0.099011
0.089043
0.076202
0.143391
0.026235
0
0.229815
0
0.067103
0.109995
0.179377
0.090723
0.107671
0.044287
0
0.878623
0.053664
0.028413
0.007496
0.082425
0.04162
0.034268
0.087628
0.044139
0.109121
0.048042
0.094647
0.01352
0.062024
0.481257
0.02605
0.050361
0.071144
0.011142
0.019668
0.031686
0.008537
0
0.045761
0.032982
0.182153
0.037751
0.046709
0.027534
0.860904
0.128603
0.194246
0.106997
0.08686
0.022136
0.088473
0.150098
0.060457
0
0.296177
0.049568
0.186746
0.019654
0.08686
0
0.066865
0.092214
0.027334
0.041765
0.198646
0.050013
0.002129
0.022384
0.072504
0.18806
0.093219
0.022649
0.023676
0.035107
0.045345
0.407118
0.034286
0.093217
0.023289
0.058113
0.10839
0.042615
0.174085
0.09264
0.502505
0.067756
0.092084
0.106681
0.09768
0.019944
0.107655
0.09654
0.099178
0.352265
0
0.052744
0.243456
0.089786
0.120559
0.065935
0.173236
0.040287
0
0.102841
0
0.357794
0.057662
0.047596
0.094777
0.137972
0.295296
0.076266
0.195288
0.124831
0.128903
0
0.181293
0.213491
0.125193
0.198413
0.232118
0.028133

0.086259
0.014415
0.284829
0
0.138514
0.104048
0.04987
0.154716
0
0.146808
0.012975
0.193689
0.04253
0
0.087037
0.049023
0.455004
0.037686
0.045843
0
0.339439
0.241345
0.155428
0.163964
0.193457
0.047869
0.20159
0.394257
0.143819
0.073361
0.008734
0.231405
0.152993
0.001154
0.151102
0.028458
0.619213
0.151147
0.17384
0.049067
0.201811
0.155107
0.190185
0
0.176994
0.117423
0.131014
0.096601
0.150293
0.159898
0.069582
0.275039
0.009066
0.110948
0
0
0.318502
0.3804
0.881726
0.05678
0.173304
0
0.384786
0.406665
0.088473
0
0.093861
0.079116
0.089478
0.060838
0.143224
0.270944
0.157105
0.281618
0.226844
0.035693
0.013158
0.031089
0.130001
0.197476
0.19947
0.381187
0.148231
0.077753
0.23618
0.165322
0.377077
0.256333
0.176135
0.043434
0.11977
0.099819
0.233454
0.103559
0
0
0.169314
0.079231
0.110605
0
0.24093
0.564106
0.267262
0.076657
0.179692
0.467424
0.201651
0.259697
0
0.106892
0
0.12184
0.093907
0.099484
0.085429
0.194697
0.06863
0.197686
0.64492
0
0.183725
0.0346
0.065841
0.090723
0.08686
0.262859
0
0
0.190745
0
0.021748
0.931034
0.242168
0.123525
0.013775
0.326836
0
0.364992
0.104073
0
0.041772
0.058027
0.330797
0.24069
0.409194
0.165486
0.088703
0.394198
0.0236
0.046166
0.345646
0.313835
0.132878
0.117739
0.123808
0.833596
0
0.141134
0
0.505828
0.324363
0.192315
0.103111
0.221515
0.087462
0.174602
0.085231
0
0.423176
0.08686
0.141252
0.185995
0
0
0
0.244296
0.185964
0.153778
0.158632
0.082497
0.230767
0.20793
0.181052
0.767442
0
0.113981
0
0.021814
0.088473
0
0
0
0.332706
0.151102
0.067744
0.208703
0.145597
0.035564
0.090723
0.15278
0.046971
0.120846
0.166106
0
0.062339
0.046771
0.274025
0.096035
0.088703
0.086906
0.012587
0.543795
0.037545
0.054832
0.086745
0.067683
0.048224
0.115448
0.154619
0.065554
0.112758
0.088933
0.095618
0.213716
0.703611
0.07475
0.128444
0.286341
0.032462
0.149804

0.081545
0.077301
0.063879
0.096035
0
0
0.088703
0.059853
0
0.078788
0.087016
0.036999
0.05174
0.205663
0.015735
0.030184
0.026204
0.201919
0.931034
0.238107
0
0.106101
0.122662
0.204901
0.078999
0.477024
0
0.091797
0.089513
0.122662
0.259589
0.067716
0.054869
0.0286
0.144774
0.256758
0.033466
0
0.04454
0.054401
0.122662
0.122662
0.097893
0
0.0851
0.122662
0.017554
0.144023
0.145184
0.025412
0.094764
0.11102
0.122662
0.102568
0.032272
0.027765
0.337897
0.05684
0.050674
0.553161
0.085429
0.03958
0.022649
0.021212
0.088379
0.089478
0.143633
0
0.023558
0.097452
0.357686
0.096035
0.115796
0.180382
0.125219
0.140615
0.07817
0.096035
0.096215
0.136141
0.303116
0.016519
0.143737
0.220985
0.412028
0.315725
0.034168
0
0.088703
0.563101
0.122636
0.062409
0.023233
0.088703
0.102448
0.104348
0.057948
0
0.260069
0
0.146818
0
0.06863
0.045095
0.050674
0.09687
0.122144
0.079245
0
0.029192
0.4887
0.091179
0.076898
0.070403
0.026816
0.027241
0.093224
0.060966
0
0.172444
0.11199
0.125519
0.16422
0.108689
0.034361
0.076926
0.307073
0.067307
0.041775
0.015782
0.153443
0.079075
0.079704
0.100494
0.122147
0.449749
0.048774
0.112114
0.144812
0.030976
0
0.040217
0.120889
0.085429
0.088703
0.07684
0
0.148423
0.322963
0.036051
0.100465
0.214039
0.090379
0.068953
0.085429
0.592595
0.019574
0.079156
0.00698
0.022774
0.291939
0.270387
0.122268
0.105456
0.06121
0.019288
0.095311
0.282686
0.256311
0.021587
0.016042
0.117978
0.096602
0
0.185292
0
0.133543
0.1342
0
0.079059
0.24781
0
0.301289
0
0.064908
0.041673
0.013532
0.131416
0.048534
0.720494
0.036483
0.090723
0.1365
0.21853
0
0.006687
0.096316
0.874851
0.098526
0
0.04126
0.070161
0.038244
0.09246
0.08686
0.163016
0.057486
0.054807
0.113659
0.048653
0.019301
0.034211
0.024605
0
0.073918
0.083695
0.085761
0.311212
0.074774
0.257132
0.065615
0.026077
0.046173
0.034411
0.038805
0.02144
0.030597
0.258745
0.051813
0.120678
0.319245
0.266579
0.094764
0.056126
0.04711
0.151151
0.029148
0.269827
0
0.10179
0.080702
0.031956
0.159823
0.036634
0.11022
0.076578
0.035028
0.084558
0.02633
0.075231
0
0.032676
0
0.138067
0.072517
0.07795
0.036194
0.090528
0.063835
0.085429
0.097959
0.088703
0.101236
0.059048
0.004773
0.105722
0.099077
0.016373
0.055484
0.121769
0.052341
0.090211
0.08959
0.076243
0.054482
0.018899
0.05673
0
0.406975
0
0.028733
0.032868
0
0.057959
0.236218
0.069132
0
0
0.033472
0.273446
0.021603
0
0.088703
0.039124
0.113511
0.147473
0.070851
0.470006
0.214212
0.068972
0.036226
0.044823
0.088703
0.0624
0.291939
0.136943
0.523894
0.103774
0.36877
0.194243
0.081589
0.57408
0.106696
0.074579
0.054566
0.088703
0.2875
0.074154
0.079798
0.022753
0.102932
0
0.026204
0.207279
0.099063
0.346464
0
0.028921
0.191961
0.026077
0.113232
0.236054
0.067829
0.200122
0.233793
0.247012
0.633463
0.053398
0.088703
0.090723
0.099767
0.069641
0.17904
0.045928
0.025734
0.224329
0.167556
0.024246
0.018899
0.118257
0.082605
0.044479
0.030711
0.085429
0.215965
0.055383
0.029169
0.079459
0.031011
0.021043
0.379539
0.085429
0.085429
0.104765
0.163706
0.462365
0.064439
0.127242
0.545489
0.015345
0.038255
0
0.153021
0.132778
0.05945
0.1018
0
0.051653
0.174548
0.097893
0.527008
0.298691
0.090886
0.136422
0.098293
0.087072
0.175126
0.064468
0
0.066219
0.02962
0.116942
0.143013
0.027696
0.045468
0.117561
0.178643
0.049036
0.075487
0.13167
0.088703
0.59512
0.065523
0.014123
0.08686
0.084929
0.062192
0.090723
0.103104
0.052955
0.118911
0.038948
0.509424
0.046062
0.195043
0
0.088703
0.105794
0.041983
0.062569
0.114814
0.163206
0.022324
0.088703
0.100904
0.183136
0.502036
0.019508
0.018921
0.088926
0.025908
0.088703
0.023289
0.056152
0
0.086943
0.022425
0.025039
0.1312
0.077199
0
0.023122
0.207815
0.034346
0.085099
0.082216
0.073916
0.103642
0.013244
0.037541
0.165302
0
0.543744
0.027321
0.100997
0.153224
0.132394
0
0.039075
0.090808
0.023637
0.085429
0.561343
0.098997
0.037838
0.007819
0.462479
0.931034
0
0.050749
0.088703
0.206517
0.125038
0.200795
0.069521
0.235186
0.003899
0.085429
0.063081
0.034974
0.045549
0.088703
0.085429
0.040285
0.111857
0.169409
0.097947
0.058527
0.043763
0.06824
0.089478
0.137894
0.083827
0.088473
0.375481
0.120506
0
0.073903
0.232938
0.085979
0.042724
0.075673
0.085728
0.089478
0.041829
0.208499
0.027055
0.159849
0.130855
0.214301
0.115739
0.131323
0.090723
0.052876
0.060707
0.088703
0.177967
0.031689
0.207384
0.1894
0.116985
0.089835
0.089745
0.088703
0.204874
0.046507
0.106839
0.179396
0.061144
0.047939
0.061636
0.091441
0.192369
0.119049
0.05551
0.099484
0
0.116497
0.078894
0.053532
0.056742
0.064092
0.085429
0.077343
0.101861
0.432618
0.059517
0.182565
0.042213
0.136839
0.140185
0.100494
0.099194
0.085429
0.089478
0.088703
0.058745
0.049898
0.142088
0.096308
0.085429
0.088624
0.1319
0
0.088703
0.088703
0.043904
0.085409
0.051842
0.093819
0
0.08248
0.120846
0.237236
0.037566
0.063252
0.237846
0
0.085055
0.101994
0.229098
0
0.149662
0.097343
0.181326
0.093819
0.105511
0.193301
0.126383
0.092282
0.138477
0.084334
0.115587
0.058819
0
0.149761
0.058801
0.412294
0
0.34245
0.099263
0.012834
0.114619
0
0.258745
0.104998
0.139482
0.266579
0.109345
0.164175
0.096035
0
0.09548
0.088703
0.458909
0.193371
0.09374
0.036234
0.143457
0.089478
0.299518
0.054936
0.212342
0.130772
0.136435
0.201669
0.188907
0.113773
0.058338
0.659835
0.06359
0.056473
0.08585
0.112983
0.025266
0.115347
0.276584
0.169156
0.020334
0.931034
0.077235
0.131419
0.150214
0.091714
0.034624
0.081446
0.881726

0.236459
0.118597
0.024189
0.192383
0.277055
0.034697
0.085429
0.096035
0.026376
0.065571
0.046568
0.019539
0.077711
0.099895
0
0.101746
0.230969
0.090554
0.132709
0.072291
0.207815
0.088703
0.00492
0.078879
0.043679
0.089385
0.088703
0.089716
0
0.227288
0.357895
0.154701
0.088703
0.112649
0.093123
0.157412
0
0.085429
0.035381
0.076257
0.085429
0.041306
0.035326
0.060011
0.082395
0.07733
0.062164
0.038243
0.17308
0.195809
0.139712
0.012701
0.216931
0.034687
0.091015
0
0.054798
0.059596
0.743115
0.227288
0.049424
0.11201
0.209396
0.12323
0.136701
0.128409
0.090009
0.110628
0.05279
0.176489
0.185052
0.032843
0.040944
0.115474
0.088703
0.094757
0.010873
0.088473
0.112047
0.122832
0.193984
0.088703
0.057925
0
0.12604
0.08609
0.021861
0.217716
0.497994
0.260419
0.13175
0.041772
0.054983
0.135569
0.078247
0.059481
0.038101
0.08686
0.055527
0.137972
0.044479
0.041205
0.139909
0.052018
0.023153
0.193984
0.08686
0.00877
0.085339
0.058056
0.045495
0.044479
0.066989
0.132015
0.143133
0.154663
0.190034
0.044479
0.034331
0.099552
0.017978
0.132476
0.035104
0.060966
0.035104
0.01779
0.044479
0.035729
0.046061
0.054301
0.067525
0.46741
0.041772
0.008548
0.071114
0
0.08686
0.115398
0.127882
0.027809
0.08686
0.061704
0.108045
0.045131
0.086772
0.071931
0.059665
0.041624
0.041772
0.038529
0.024804
0
0.066925
0.021228
0.079797
0.088473
0.052855
0.043381
0.110665
0.086934
0.058743
0.05339
0.071682
0.079081
0.054301
0
0.019078
0.18681
0.17199
0.08686
0.10169
0.055867
0.156296
0.134929
0.094892
0.024227
0.103169
0.021117
0
0.088473
0.058801
0
0.10169
0.137426
0.118258
0.08686
0.02928
0.027995
0.044479
0.024504
0
0.042882
0.027764
0.045549
0.028725
0.17199
0.08686
0.149477
0.045552
0.026697
0.109176
0.04991
0.136873
0.048787
0.023241
0.122045
0.090183
0.140609
0.073806
0.113395
0
0.298484
0.349461
0.057014
0.035497
0.085429
0.049975
0.449749
0.04449
0.066327
0.020174
0.020508
0.042607
0.177968
0.055867
0.116657
0.102247
0.02118
0.093449
0.112016
0.064332
0
0.088473
0.072864
0.089868
0.026486
0.176865
0.125422
0.061666
0.107258
0.013258
0.110484
0.039075
0.026486
0.188091
0.050969
0.025676
0.20683
0.144375
0.031441
0.017666
0.019994
0.044479
0.051497
0
0.406394
0.036066
0.054301
0.054301
0.010999
0.01103
0.01103
0.007374
0.029096
0.104291
0.078401
0.07195
0.037512
0.029096
0.040013
0.05339
0.08686
0.127901
0.054301
0.169583
0.038019
0.065208
0.054833
0.066473
0.059024
0.08686
0.08686
0.192066
0
0.030976
0.019401
0.060058
0.044312
0.018577
0.074506
0.044479
0.090183
0.038756
0.078468
0.089904
0.079751
0.086857
0.053704
0.070851
0.064516
0.090022
0.054301
0.05623
0.096253
0.031748
0.02533
0.039576
0.071671
0.021294
0.038756
0.148848
0.056681
0.04025
0.088593
0.044003
0.11411
0
0.085798
0.051679
0.042492
0.152751
0.063159
0.051009
0.138171
0.869242
0.062447
0.093606
0
0.053772
0.032555
0.042837
0.064751
0.054301
0.426788
0.065617
0.0086
0.009464
0.059784
0.215351
0
0.141693
0.027732
0.08686
0.037525
0
0.127423
0
0.054301
0.249941
0.02392
0.015292
0.082931
0.078413
0.12688
0.050706
0.018624
0.174134
0.025022
0.253879
0.121092
0.053772
0.071416
0.053477
0.02928
0.037102
0.088473
0.062042
0.043638
0.044314
0.099393
0.122426
0.243393
0.112047
0
0
0.066443
0.112047
0.01621
0.066341
0.113226
0.015792
0.053772
0.050498
0
0.035774
0
0.04038
0
0.085825
0
0.08686
0.434664
0
0.114647
0.08686
0.153925
0.054301
0.058743
0
0.054301
0.073903
0.08686
0.024752
0.112047
0.288724
0.047742
0.117333
0.235761
0.053975
0.08171
0
0.031728
0.034495
0.059334
0.10855
0.093645
0.058967
0.197462
0.02005
0.044479
0.210782
0.020456
0.158834
0.028441
0.013357
0.048808
0.224789
0.08686
0.052341
0.080678
0
0.232653
0.031179
0.050568
0.207093
0.057615
0.08686
0.187227
0.404356
0.035579
0
0.03426
0.044218
0.253879
0.054482
0.038052
0.009913
0.090723
0.046594
0.066607
0.08686
0
0.169577
0.088473
0.052331
0.010057
0.092099
0.010762
0.046594
0.026327
0.039375
0.090836
0.057662
0.062288
0.067439
0.076744
0
0.046594
0.165666
0
0.191286
0.094161
0.042667
0.082043
0.017917
0
0.024908
0.025715
0.093123
0.030507
0.0948
0.034677
0.044479
0.044479
0.058743
0.031147
0.088703
0.088825
0
0.090268
0.034677
0.12557
0.055931
0.013699
0.021945
0
0.088473
0
0.077585
0.126673
0.090919
0.018363
0.044479
0.13489
0.072702
0.047209
0.019063
0.111719
0.128409
0.021529
0.022409
0.051673
0.185253
0.040147
0.124037
0.055012
0.054181
0.088885
0.036762
0.072903
0.029304
0.05367
0.012484
0.091728
0.057662
0.020995
0.174085
0.082944
0.047678
0.019288
0.046145
0.057662
0.030597
0.23746
0.183749
0.037468
0.111718
0.045869
0.13512
0.050836
0.077269
0.058278
0.094055
0.059082
0.128409
0.05367
0.071248
0.05339
0.187671
0.08686
0.022755
0.097662
0.049289
0.019288
0.050878
0.115587
0.013438
0.08686
0.058174
0.164834
0.033836
0.044479
0.122104
0.052018
0.057352
0.02934
0.093056
0.101029
0.047453
0.044669
0.08686
0.106974
0.044956
0.168574
0.06754
0.06694
0.10012
0.357422
0.039294
0.026931
0.013707
0.022947
0.045552
0.012437
0.079519
0.100936
0.01835
0.088473
0.040117
0.073615
0.029584
0.14991
0.014743
0.1159
0.187242
0.050321
0.245295
0.438527
0.014466
0.088473
0.058676
0.133119
0.025205
0.018633
0.040136
0.046945
0.071634
0.010395
0.049768
0.069814
0.019288
0
0.202226
0.026152
0.214111
0.046989
0.046238
0.033201
0.021336
0.064443
0.038101
0.013348
0.02164
0.263897
0.054301
0.058056
0.090723
0.05339
0.141789
0
0
0.017828
0.073604
0.02872
0.054301
0.008543
0.180429
0
0.045552
0.042122
0.069226
0.081404
0.05991
0.238107
0.158773
0.090723
0.026203
0.027576
0.123599
0.019814
0.042399
0.044994
0.065429
0.085429
0.104036
0.058679
0.117894
0.045549
0.062232
0.136406
0
0.067212
0.015034
0.099011

0.109014
0.011028
0.075896
0.129143
0.062226
0.090263
0.086564
0.046238
0.092623
0.031601
0.044719
0.09281
0.094556
0.07086
0.011884
0.120102
0.088473
0.037308
0.068957
0.088473
0.05121
0.054301
0.08686
0.064443
0.030491
0.112069
0
0.241212
0.130139
0.423245
0.094774
0.085429
0.190436
0.097231
0.063195
0.066564
0.098076
0.133246
0.164412
0.041976
0.033509
0.078857
0.151935
0.115581
0.113111
0.095708
0.194954
0.109276
0.111835
0.037751
0
0.007762
0.183482
0.14986
0.025139
0.057648
0.105565
0.133654
0.113787
0.158254
0.100522
0.177904
0.097231
0.102692
0.130542
0.120961
0.081545
0.042122
0.013324
0.086148
0.088585
0
0.024658
0.03988
0.098838
0.03242
0.088473
0.19638
0.68397
0.093519
0.111181
0.223353
0.276671
0.088573
0.041221
0.12441
0.051367
0.27669
0.180778
0.033205
0.075193
0.00833
0.058708
0.074017
0.277367
0.213336
0.703625
0.087769
0.069768
0.032542
0.08222
0.097231
0.025627
0.108378
0.056911
0.08686
0.32844
0.097982
0.198462
0.088473
0.025529
0.045219
0.192974
0.191755
0
0.049553
0.239702
0.122664
0.023768
0
0.049519
0.131772
0.039306
0.152928
0.09654
0
0.053508
0.203359
0.131291
0.053028
0.099847
0.194635
0.12069
0.097276
0.098076
0.047156
0.097982
0.088473
0.105768
0.420782
0.32436
0.091959
0.01827
0.040948
0.030334
0.361883
0.051079
0.150209
0.129634
0.106554
0.089043
0.032583
0.129185
0.343702
0.080191
0.081558
0.078017
0
0.08007
0.081913
0.178991
0.149553
0.389949
0.055631
0.123231
0.268411
0.153629
0.064858
0.086878
0.237318
0
0.084827
0.158662
0.123014
0.547526
0.04621
0.10417
0.193084
0.068667
0.161745
0.122836
0.097231
0
0.152928
0.077629
0.085956
0.132031
0.059737
0.117057
0.164412
0.461676
0.083697
0.120041
0.178886
0.051611
0.6242
0.270851
0.099847
0
0.137436
0
0.041654
0.095682
0
0.092731
0.111294
0.123599
0.089043
0.902436
0.114539
0.035017
0.153792
0.088946
0.078089
0.074448
0.091401
0.108108
0.075457
0.071099
0.091892
0.098076
0.098076
0.097231
0.115131
0.100295
0.066362
0.152928
0.154423
0.107007
0.097181
0.0948
0.162701
0.128541
0.098554
0.133246
0
0.098076
0.539097
0.097982
0.098076
0.078218
0.136731
0.083273
0.098076
0.048226
0.148261
0.08167
0.097231
0.048067
0.02457
0.055159
0.097982
0.104352
0.070048
0.245641
0.208399
0.132804
0.040212
0.032138
0.087061
0.073403
0.144584
0.026694
0.100713
0
0.117501
0.069918
0.064599
0.041624
0
0
0.097982
0.092447
0.111181
0.06011
0.113099
0.235128
0.089213
0.085652
0.097982
0.473003
0.057674
0.112348
0.058688
0.036813
0.035841
0.181952
0.097733
0.086581
0.111054
0.091039
0.179096
0.1298
0.111015
0.174273
0.193938
0.262326
0.121099
0.11629
0.098838
0.411496
0
0.036733
0.075744
0.097343
0.06242
0.070543
0.150208
0.074763
0.066199
0.014697
0.158205
0.28387
0.385065
0.106554
0.157622
0.135349
0.146761
0.097982
0.480843
0.076518
0.126469
0.063743
0.091423
0.096714
0.057055
0.069415
0.075178
0.133246
0.140572
0.019668
0.019681
0.628897
0.049246
0.021897
0.236152
0.193431
0.014849
0.14331
0.033221
0.095241
0.102673
0.082675
0.040777
0.019681
0.073584
0.475188
0.008147
0.020636
0.038123
0.090183
0.012666
0.062967
0.212186
0.019668
0.076889
0.011118
0.136355
0.025009
0.133733
0.027652
0.244346
0.016005
0.3554
0.07132
0.143391
0.097222
0.033532
0.01585
0.022786
0.098615
0.203195
0.446902
0.079541
0.191714
0.019647
0.03276

0.016179
0.387519
0.019107
0.014087
0.175606
0.021174
0.066667
0.029498
0.090723
0.019681
0.812241
0.078494
0.041142
0.008574
0.087832
0.277481
0.03044
0.019668
0.009964
0.070454
0.076661
0.137108
0.060606
0.119318
0.008831
0.167244
0.025003
0.004531
0.019952
0.023718
0.146938
0.113209
0.019668
0.064405
0.010548
0.020995
0.016614
0.111192
0.054861
0.074041
0.031803
0.074279
0.071127
0.026656
0.078376
0.022837
0.0406
0.829722

0.018987
0.161665
0.030811
0.019668
0.105169
0.023312
0.020091
0.039507
0.024893
0.023786
0.022546
0.231288
0.018093
0.015635
0.026238
0.024289
0.094065
0.023539
0.029782
0.086108
0.019668
0
0.139852
0.123346
0.044901
0.014472
0
0.031511
0.138441
0.077737
0.040714
0.087619
0.0561
0.121437
0.159335
0.084231
0.228515
0.041894
0.13311
0.251693
0.058991
0.157871
0.223815
0.261115
0.117084
0.144008
0.024966
0.006207
0.096431
0
0.008177
0.040112
0.051383
0.00753
0.436719
0.048594
0.204608
0.01654
0.039891
0.414932
0.127994
0.331066
0.250636
0
0.034141
0.060966
0.08686
0.086607
0.051377
0.105565
0.095563
0.02856
0.047955
0.071164
0.398142
0.034141
0.043368
0.081784
0.510609
0.078718
0.08686
0.028793
0.048969
0.101841
0.031502
0.088473
0.129666
0.079245
0.13167
0.183749
0.140175
0.089814
0.19204
0.069963
0.090723
0.060966
0.06132
0.060966
0.090723
0.033556
0.02856
0.039644
0.088473
0
0.01446
0
0.034141
0
0.125886
0.034349
0.055351
0
0
0.038345
0.270829
0.082255
0.096035
0.034141
0.06456
0.00753
0.073972
0.072489
0.291852
0.058073
0.092012
0.062657
0.063234
0
0
0.08686
0.154109
0.044373
0.034141
0.028514
0.060966
0.027563
0.00753
0.023471
0.050748
0.168271
0.034141
0.053269
0.034141
0
0.042608
0.116549
0.061517
0.276714
0
0
0
0.268899
0.134022
0.061951
0.08686
0.088703
0.054039
0.46096
0.049017
0.081726
0.04539
0.088473
0.040943
0.132948
0.102157
0.155443
0.120077
0.168971
0.097037
0.047474
0.031865
0.721522
0.060221
0.058131
0.878699
0.177999
0.079481
0.045397
0
0.078449
0.067467
0.145014
0.061855
0.038468
0.063225
0.143408
0.067975
0.03693
0.071596
0.01566
0.088473
0.114061
0.088473
0.140128
0.144409
0.181067
0.090723
0.08686
0.093497
0.261224
0.255959
0.068143
0.07834
0.088473
0
0.065007
0.088473
0.155914
0.076273
0.099859
0.116856
0.036047
0.461411
0
0.024311
0.153327
0.165035
0.163628
0.026896
0.261423

0.052319
0.054366
0.039913
0.060221
0.08686
0.105511
0.047658
0.285541
0.075581
0.072244
0.135053
0.09679
0
0.028838
0
0.053772
0.053772
0.931034
0.019301
0.113417
0.037903
0.040957
0.032557
0.08686
0.08686
0.102251
0.30989
0
0.088473
0.08686
0.032646
0.224376
0.021274
0.14894
0.054616
0.08686
0
0.139256
0
0
0.055608
0.08686
0.259357
0.086419
0.38402
0.087207
0.056402
0.042068
0
0.090723
0
0.08686
0.085429
0
0.087207
0.426491
0.087823
0.042288
0.007924
0.431094
0.324111
0.020951
0.104174
0.279374
0.055719
0.097982
0.194735
0.119585
0.023506
0.061434
0.218082
0.049053
0.056977
0.06106
0.076323
0.065615
0.109176
0.021101
0.109121
0
0.770569
0.232332
0.147234
0
0.105713
0.164879
0.093186
0.041938
0.084872
0.077575
0.343743
0.0798
0.067842
0.112553
0.137741
0.844818
0.149499
0.124658
0.249201
0.021593
0.132363
0.08686
0.351626
0.075583
0.225332
0.062469
0.10984
0.128957
0.120663
0.263436
0.021198
0.052532
0.069521
0.08686
0
0.140855
0.088473
0.087207
0.059004
0.131483
0.071854
0.071139
0.10698
0.091017
0.150687
0.008682
0.044924
0.052943
0.498679
0.041333
0.009706
0.059378
0.08686
0.092228
0.146409
0.159003
0
0.143586