0
0.030497
0.103555
0.242433
0.03934
0.083571
0.07925
0
0.095504
0.005158
0.104256
0.080649
0.241198
0.175357
0.931077
0.093654
0.170036
0
0.172806
0.081915
0.049035
0.286434
0.351931
0.080583
0.050307
0
0.011427
0.185678
0.073318
0.286076
0.30308
0.178431
0
0.094979
0.384491
0.06237
0.068972
0.248046
0.084414
0.375084
0.093654
0.082446
0.025735
0.113986
0.10857
0.295626
0.103502
0
0.206163
0.03227
0.050021
0.113276
0.009924
0.255636
0.110355
0.093654
0.383858
0
0.123285
0.060625
0.027461
0.1755
0.378953
0.395206
0.798165
0.364036
0.16253
0.090901
0.394238
0.043647
0.327651
0.075814
0.434896
0.192627
0.087573
0.019353
0.394449
0.261643
0.061672
0.448691
0.234443
0.408652
0.217606
0.032063
0.031395
0.363879
0.250026
0
0.030481
0
0.111317
0.2617
0.02851
0.12568
0.327081
0.11636
0.044565
0.119753
0.077514
0.136445
0.158521
0.163577
0.100263
0.102592
0.171243
0
0.263825
0.475796
0.211729
0.042686
0
0.023101
0.165167
0.138094
0.004631
0.175955
0
0.459821
0.082921
0.774328
0.225164
0.174528
0.013965
0
0.092952
0.061957
0
0.051815
0.193277
0.062222
0.751756
0.102831
0
0.548107
0.052102
0.259238
0.152779
0.314117
0
0
0.163185
0.076578
0.043371
0.039409
0.120509
0.160631
0.753736
0.217101
0.102402
0.062243
0.064457
0.136313
0.184921
0.242261
0.042223
0.097333
0.224003
0.075814
0.204692
0.053067
0
0.152265
0.016279
0.262442
0
0.340053
0.409323
0.116228
0.198295
0.093654
0.295019
0.096227
0.077336
0.084557
0.092709
0.131548
0.076579
0
0.03494
0.417278
0.121387
0.065232
0.016567
0.238103
0.190931
0
0.087853
0.181969
0.243861
0
0
0.030048
0.002121
0.250026
0.80109
0.028659
0.018691
0.056583
0.031225
0.071041
0.072984
0.034241
0.120414
0.136357
0.106493
0.101607
0.254516
0.032298
0.188199
0
0.089033
0.109652
0.010642
0.131842
0.150637
0.576522
0.210112
0.075641
0.179684
0.169128
0.07762
0.013244
0.229781
0.087573
0.085987
0.202024
0.294337
0.03839
0.134676
0.055982
0.150234
0
0
0.081856
0.078301
0.183597
0.137469
0.080311
0.155294
0.093192
0.088952
0.104459
0.054752
0.120127
0
0.168355
0.06342
0
0.021943
0.024031
0.184353
0.174781
0.107883
0
0.087573
0.073845
0.34124
0.102501
0.056528
0.102743
0.216846
0.532342
0.054009
0.035027
0.015302
0.073588
0.048445
0.050839
0.137421
0.134655
0.240253
0.270118
0.1198
0.125928
0.254516
0.098828
0.11214
0.042641
0.348322
0.217085
0.129696
0.061254
0.080292
0.120976
0.186551
0.068035
0.00303
0.003642
0.129682
0.113445
0.116053
0.138193
0.137194
0.008337
0.129343
0.080388
0.161604
0.060398
0.149099
0.029953
0.06461
0.081579
0.019662
0.136151
0.470483
0.283421
0.165208
0.264756
0.13907
0.075315
0.24912
0.049676
0.113108
0.023027
0.081987
0.207219
0.099002
0.195319
0.114679
0.2276
0.251534
0.280078
0
0.064228
0.082364
0.060387
0.251726
0.328506
0.108412
0.394543
0.035027
0.447258
0.031202
0.328586
0.218637
0.01251
0.175608
0.08171
0.127627
0.228573
0.124546
0.347015
0.08519
0.027734
0.536966
0.035027
0.053879
0.751756
0.141845
0
0.202114
0.016031
0.379861
0.074923
0.171896
0.113456
0.313373
0.075972
0.802038
0.946192
0.093654
0.097654
0.055087
0.087229
0.066392
0.217447
0.211223
0.126866
0.217101
0
0.115647
0.324767
0.183538
0.078847
0.076953
0.189073
0.06215
0.282284
0.149155
0.364892
0.195702
0.068995
0.091248
0.056929
0
0.214133
0.165937
0.134791
0.087153
0
0.085991
0.02179
0.096838
0.9068
0.047282
0.264602
0.043745
0.198719
0.263419
0.115337
0.061178
0.126259
0.808147
0.245977
0.029893
0.042424
0.08519
0.243943
0.40665
0.082208
0.05482
0
0.216212
0.102304
0.082909
0.039757
0.153813
0.705179
0.098429
0
0.22859
0.035027
0.059086
0.131628
0.095454
0.08637
0.159744
0.157581
0.085881
0.325668
0.091248
0.212406
0.141017
0.043903
0.008793
0.103187
0.116702
0

0.157175
0.163719
0.095376
0.039203
0.061644
0.100428
0.117278
0.105609
0.114414
0.123106
0.101815
0.155861
0.080494
0.096298
0.199196
0.030785
0.046012
0.080728
0.019779
0.136165
0.047513
0.234309
0.038022
0.062691
0.075629
0.348072
0.031071
0.021353
0.931034
0.109621
0.031103
0.073577
0.239128
0
0.100588
0.27905
0.097105
0.100098
0
0.472957
0.045724
0.122536
0.091523
0.903616
0.081246
0.036286
0.202018
0.033453
0.060528
0.012498
0.09803
0.150624
0.092399
0.751756
0.025624
0.006456
0.234792
0.246949
0.219808
0.024388
0
0.056678
0.255051
0.213913
0.022899
0
0.045442
0.115439
0
0.047354
0.366577
0.015457
0.121732
0.195651
0.202264
0.056698
0.101125
0.104571
0.506015
0.191453
0.192755
0
0.006491
0.091248
0.179175
0.122596
0.07449
0.21751
0.376854
0.216738
0.168853
0.218912
0.046205
0
0.094434
0.200895
0.126525
0.038628
0.186792
0.351613
0.151051
0.120157
0.094769
0.120157
0.087323
0
0.15436
0.032607
0.194792
0.35202
0.091248
0.108348
0.050773
0.094502
0.213531
0.095457
0.102471
0.114436
0.033274
0.091248
0.05448
0.120262
0.128049
0.32176
0.093798
0.00337
0.119147
0.043499
0.087573
0.08576
0.092395
0.115582
0.129668
0.081769
0.316147
0.093873
0.115531
0.077528
0.135908
0
0.242919
0.051421
0
0.125146
0.115604
0.045465
0.229117
0.26005
0.046929
0.013857
0.134217
0.931034
0.196097
0.087573
0.050868
0.167407
0.089485
0.207066
0.087573
0
0.010642
0.244497
0.076782
0.098231
0.100924
0.097351
0.011783
0.28838
0.197931
0.188972
0
0
0.018773
0.216847
0.515493
0.030442
0.041533
0.050326
0.010579
0.111551
0
0.05645
0.098092
0.189883
0.065863
0.060454
0.396807
0.106849
0
0.100717
0.203318
0.081267
0.132335
0.081267
0.129849
0.188848
0.018854
0.256241
0.015088
0.156921
0.220557
0.203361
0.106739
0.082077
0.352227
0.068552
0.048991
0.026621
0.030136
0.085415
0.080166
0.054183
0
0.550253
0.035364
0.091497
0.14978

0.097457
0.050435
0.081267
0.442465
0.116883
0.095982
0.096978
0.065863
0.205108
0.013476
0
0.037958
0.078791
0
0.145226
0.028585
0.460668
0.075862
0
0.098939
0.154721
0.064173
0
0.240391
0.048853
0.110156
0.081267
0.206688
0.059105
0.1593
0.083946
0.104292
0.145948
0
0.017482
0.090955
0.0624
0.120899
0.048777
0
0.148458
0.002042
0.105012
0.132656
0.010992
0.037031
0.061851
0.093654
0.212943
0.101777
0.086361
0.07922
0.229665
0.029897
0.852766
0.044466
0.085502
0.055221
0.189605
0.233768
0.124415
0.13644
0.119504
0.230106
0.042632
0.004208
0.222102
0.055513
0.089248
0.116725
0.124286
0.047354
0.102151
0
0.093311
0.454162
0
0.101876
0.144149
0.098996
0.091248
0.034979
0.010723
0.098694
0.134888
0.251195
0.147547
0.199937
0.095382
0.097202
0.037186
0.062991
0.220279
0.293517
0.241414
0.122864
0.213048
0.409513
0.068194
0.061254
0.082285
0
0
0.285608
0.205103
0.16309
0
0.813043
0.051713
0
0.140205
0.230739
0.067213
0.077791
0.01603
0.042555
0
0.062669
0
0.05123
0.025609
0.093654
0.131489
0.116086
0.084826
0.148717
0.093654
0.151714
0.125346
0.03082
0.102232
0.094705
0.100226
0.087942
0.101061
0
0.309964
0.026186
0.084555
0.230478
0
0.051713
0.167709
0.222356
0.06006
0
0
0.069364
0.359532
0.118453
0.282092
0.091248
0.101228
0.528679
0.091248
0.015431
0.084578
0.344429
0
0.334075
0.484548
0.250161
0.113456
0.116499
0.240465
0.391003
0.261009
0.121864
0.130366
0.038459
0.316788
0.189339
0.034938
0.013115
0.204571
0.185522
0.083345
0.035938
0.021314
0.087573
0.119177
0.043412
0.17473
0.077545
0.193276
0.077545
0.09708
0.008456
0.752552
0.049874
0.163986
0.076456
0.218752
0.036228
0.125616
0.080223
0.347148
0.226002
0.091294
0.027095
0.065502
0
0.209934
0.113631
0.117893
0.029032
0.094917
0.077688
0
0.081849
0
0.025943
0.059105
0.830755
0.105859
0.124734
0.048764
0.090881
0.204737
0.676906
0.079802
0.089219
0.10249
0.150282
0.104549
0.099504
0.03113
0.38395
0.099339
0
0.252681
0.086576
0.129147
0.058098
0.091248
0.661682
0.133939
0.029077
0.122051
0.007944
0.059114
0.068077
0.045876
0.088952
0.121832
0
0.011055
0.121456
0.111328
0
0.212658
0.194917
0.131518
0.10818
0.180649
0.065906
0.240391
0.091248
0.064853
0.031298
0.032512
0.286007
0.035963
0.075507
0.093175
0.232244
0.022563
0.075641
0.117836
0.045942
0.190931
0.069228
0.057204
0.020223
0.069616
0.131548
0.079788
0.132115
0.138964
0.147264
0.067784
0.14212
0
0.109303
0.361912
0.33277
0.10724
0.091098
0.006584
0
0.064464
0.033628
0.054665
0.0885
0.065479
0.144916
0.135624
0
0.056748
0.093201
0.016222
0.07192
0.00216
0.010641
0.03711
0.350996
0.028189
0.023981
0.036762
0.045716
0.49672
0.263882
0.134603
0.118291
0.240041
0.067501
0.228579
0.217458
0.155738
0.097805
0.123175
0
0.129262
0.133593
0.232338
0
0.034972
0.215217
0.237454
0.34543
0.154563
0.029692
0.039498
0.145925
0.023309
0.244955
0.051731
0.084022
0.110889
0.149415
0.160339
0.044743
0.100663
0.227492
0.429935
0.017173
0.213611
0.199524
0.151931
0.167332
0.029974
0.183659
0.115033
0.060426
0.069939
0.503251
0.16198
0.075217
0.097939
0.42131
0.135663
0
0.37913
0.301401
0.010693
0.012669
0.199189
0.22062
0.12444
0.209722
0.108396
0.130821
0.105488
0.034193
0
0
0.45423
0.365042
0.202071
0.031301
0.058011
0.026259
0.199715
0.931034
0
0.141514
0.089229

0.095034
0.026072
0
0.00974
0.006708
0.040157
0.163579
0.063
0.162773
0.609275
0.158851
0
0
0
0
0.368802
0
0.192332
0.023325
0.145141
0.124701
0.398044
0.056615
0.028114
0
0.024213
0.117545
0.045992
0.091248
0.027138
0.01782
0.012527
0.834276
0.019506
0.091248
0.090371
0
0.173689
0.124413
0.335648
0.0524
0.140695
0.254254
0.280875
0.020405
0.005803
0.0208
0
0
0.079452
0
0.12966
0.371057
0.104999
0.057454
0.048673
0
0.256091
0.275977
0
0.009924
0
0.543315
0.032985
0.036986
0.036986
0.092075
0.182265
0.061613
0.021845
0
0.307348
0.007591
0.026944
0
0.036005
0.054001
0
0.054466
0.231531
0.064864
0
0.016327
0.067495
0.040777
0.06957
0.13517
0.346894
0
0
0
0.372039
0
0.160863
0.024283
0.931034
0.009924
0.050461
0.109675
0.175357
0.053879
0.012877
0
0.041155
0.063963
0.034443
0.003964
0.087645
0.015501
0.065479
0.000885
0.300211
0
0
0.394593
0.140527
0.890876
0.027439
0.020606
0.100502
0.016264
0.103332
0.19127
0.067584
0
0.036665
0.121468
0.12249
0.045987
0.159178
0.020821
0.068832
0.010819
0.255155
0.114558
0.042978
0
0.139162
0.105671
0.460037
0.044292
0.076892
0.248208
0.047697
0.118513
0.02272
0.135898
0.168145
0.076497
0.197311
0.032703
0.41825
0.013857
0
0.507396
0
0.055113
0.15004
0.130836
0.109394
0.09902
0.134905
0.004635
0.142685
0.366767
0.08519
0.009924
0.140172
0.147229
0.153895
0.086301
0.571393
0.151578
0.679859
0.169322
0.143301
0.082373
0.061101
0.041087
0.091248
0.151253
0.366016
0
0.539237
0.086301
0
0.381506
0.190349
0.539237
0
0.103249
0.062187
0.310748
0.028417
0.221793
0.136381
0.287434
0.149179
0.118388
0.086301
0.270256
0.109922
0.044845
0.548019
0.166536
0
0.03943
0.036986
0.149955
0.850913
0.141074
0.098836
0.022711
0.01153
0.009924
0.165173
0.187841
0.218777
0
0
0
0.017573
0.017573
0.089229
0.013894
0.019712
0
0
0.592668
0.269279
0.1731
0.080288
0.009924
0.261979
0.040967
0.028438
0.073619
1
0.08986
0.069397
0.086301
0.136622
0.051968
0.004548
0
0.061998
0.159596
0.026398
0.126291
0.399016
0.087573
0.015307
0
0
0.091906
0.052432
0
0.014678
0.150322
0.541068
0.033155
0.053129
0.116655
0.14091
0.189288
0.567162
0.277018
0.336009
0.044072
0.221778
0.092952
0.162386
0.416344
0.104727

0.018788
0.633803
0.099641
0.025227
0.147715
0.0076
0.039757
0
0.123766
0.009924
0
0.041572
0
0.017993
0.087153
0.444221
0.037728
0.06989
0.009358
0.08732
0.003161
0.058958
0
0.091278
0.058112
0.081249
0.115223
0.072627
0.057204
0.041754
0.34124
0.019021
0.589468
0.190545
0.003727
0.049393
0.06255
0.26671
0.08818
0.905132
0.135442
0.06696
0.011269
0.285085
0.031147
0
0.08414
0.215676
0.112513
0.107563
0.181477
0
0.090256
0
0.003415
0.281721
0.492676
0.062121
0.093654
0.931034
0
0
0.064032
0.011718
0.009524
0.068745
0
0.047491
0.202071
0.154047
0.931034
0.232582
0.253087
0.096838
0.080263
0.081965
0.17911
0.084815
0.184678
0.194271
0.091248
0.024548
0.261845
0.068179
0
0.231824
0.090715
0.127061
0.127165
0
0.464497
0.008052
0
0.235457
0.103736
0.139646
0.205604
0.044968
0
0.191273
0.224786
0.170249
0.038227
0.241148
0.074257
0
0.035139
0.009924
0.022579
0
0.087645
0.049317
0.132701
0.051892
0.018715
0.001254
0.046774
0
0.201452
0
0.01076
0.004347
0.447145
0.07577
0.188313
0
0.105612
0.169725
0.207612
0.074671
0.34124
0.430201
0.157196
0.455244
0.057597
0.031595
0.124065
0.023286
0
0.294668
0.027138
0
0.169101
0.014377
0
0.255625
0.136329
0.850913
0.087573
0.075814
0.049383
0.118812
0.008059
0.070907
0.047897
0.03576
0.211106
0.049255
0.096838
0
0.127981
0.088527
0.087274
0.053776
0.128394
0.026782
0.13696
0.409431
0.093324
0
0
0
0
0.386765
0.091248
0.037499
0.158449
0.064999
0.447097
0.314615
0.179958
0.240263
0.126897
0.211334
0.193043
0.159394
0.064464
0.558241
0
0.299507
0.190203
0.467755
0.21417
0.191705
0.091248
0.910849
0.269002
0.333954
0.267526
0
0.017488
0.036604
0.012023
0
0.104548
0.053957
0.101656
0.060707
0.018182
0.097732
0.053879
0.019522
0
0.161021
0.118415
0.379942
0.204911
0.120976
0.111889
0.075995
0
0.168564
0.118384
0.271764
0.00257
0.34124
0.042412
0.054345
0.230541
0.184174
0.043461
0.172453
0.166201
0.101227
0.242306
0.060919
0.091248
0.061141
0.010271
0.055761
0.07276
0.058617
0.039717
0.102013
0.273837
0.016093
0.500746
0
0.001349
0.003206
0.07622
0.08519
0
0.009924
0.853052
0.110048
0.106494
0.482913
0.189738
0.215719
0
0.013272
0.236304
0.12904
0.149317
0
0.148981
0.110357
0.013547
0.127308
0.170573
0.332361
0.143294
0.489555
0.169496
0.201304
0.031218
0.086021
0.021856
0.176228
0.14061
0.05915
0.07805
0.050474
0.114143
0.149479
0.039757
0
0.107728
0.299507
0
0.086301
0.280186
0.06403
0.861361
0.266384
0.055616
0.1401
0
0.461436
0.095141
0.047589
0.02496
0.349073
0.131808
0.093862
0.080206
0.034193
0.014171
0.646917
0
0.117927
0.008616
0
0.076567
0.304467
0.086301
0
0.019803
0.104459
0.051658
0.031651
0.233944
0.060351
0
0.097915
0.026115
0.100637
0.195789
0.005721
0.005193
0.284372
0
0.636354
0.147806
0.025992
0
0
0.592485
0
0.111919
0.091248
0.04635
0.12966
0.017573
0.088649
0.23286
0.01165
0.494818
0.029528
0.149082
0.004389
0.478187
0.024418
0.010271
0.037663
0.091248
0.005383
0.012046
0.039101
0
0.050481
0.023291
0
0.101258
0.144064
0.156714
0.062655
0.006627
0.042412
0.253097
0.283229
0.013857
0.168805
0.050475
0.027645
0.098467
0.177084
0
0.061586
0.200273
0.010012
0.004548
0.110679
0
0.283319
0.023165
0.038102
0.05204
0.057167
0.149017
0.228298
0.144412
0.054223
0.034475
0
0.296759
0.617091
0.012763
0.04534
0.128281
0.02687
0
0.151988
0.103617
0.188313
0.037958
0.14995
0.187012
0.032258
0.028327
0.018995
0
0.009335
0.090371
0
0
0
0.080821
0
0
0.111395
0
0
0.29248
0.108215
0.240268
0.10558
0.181201
0.072522
0.07866
0
0.071713
0.182459
0.931034
0.753381
0.355929
0.02393
0.01386
0.131871
0.322352
0.083099
0
0.011972
0
0.163503
0
0.171416
0.117764
0.162422
0.128502
0.203067
0.099538
0.205751
0
0.351479
0.082055
0.471113
0.526886
0.033083
0.009426
0.211699
0.020923
0.384958
0
0.092904
0
0.131915
0.11801
0.307578
0.032525
0.413931
0.215115
0.302739

0
0.13213
0
0.159413
0.115813
0.202879
0.29453
0.093654
0.339574
0.913043
0.314271
0.18263
0.219105
0.105949
0
0.138379
0.404903
0.223242
0.060277
0.199715
0
0.009924
0.214357
0.099147
0.064126
0.14791
0.116931
0.137585
0.170145
0.440387
0.055929
0.073577
0.103486
0.030941
0
0
0.05959
0.008219
0.093115
0.931034
0
0.039498
0.00409
0
0.401946
0.087573
0.144033
0
0.13306
0.055087
0.019309
0.123656
0.090178
0.378475
0.096564
0.012548
0
0.072928
0.323949
0.080782
0.104843
0.016761
0
0.299617
0
0
0.155788
0
0.128502
0.014288
0.111991
0.260509
0.490051
0.114682
0.288637
0.200773
0.747498
0.018697
0.013794
0
0.095636
0.80232
0.117709
0
0.093477
0.178972
0.070268
0.422403
0.042369
0.438963
0.056324
0
0.156706
0.152238
0.080231
0.088078
0.611241
0.467258
0
0.283604
0.848531
0.172149
0.321078
0.337842
0.313031
0.189004
0.187617
0.163321
0.053284
0.246757
0.337293
0.109352
0
0.504713
0.502617
0.437355
0
0.144435
0.846178
0.082012
0.15699
0.225033
0.119351
0.459145
0.194643
0.199211
0.004548
0
0.060486
0
0.232144
0.221338
0.106693
0
0.075872
0.21634
0.468617
0.006621
0.07821
0.113981
0.26639
0.097752
0.132204
0.083938
0.117971
0.091248
0.117034
0.041636
0
0.114006
0.614313
0.140199
0.096258
0.112975
0.046152
0.285634
0.395846
0.024747
0.563651
0.228169
0
0.087002
0.277599
0.230862
0.164013
0.158292
0.052129
0.355502
0.018527
0.319321
0
0.191374
0

0.06069
0.113403
0.379034
0.208683
0.14629
0.039924
0.173926
0.290815
0.129173
0.07375
0.08466
0.067038
0.070398
0.05943
0
0
0.107892
0.319025
0.133657
0.416972
0.115942
0.074081
0.104675
0.239861
0.384661
0.161177
0.279289
0.040021
0.484393
0
0.405405
0.097083
0
0.28675
0.678154
0.289817
0.105917
0.0476
0
0.099007
0.272195
0.042071
0.101068
0.236185
0.177285
0.276173
0.091485
0.554606
0.130801
0.22
0.188199
0.038813
0.108103
0.097241
0.662648
0.320212

0
0.115114
0
0.054699
0.199883
0.050967
0.323174
0
0.931034
0.01578
0.114666
0.100137
0.15166
0.05827
0.063829
0.139229
0.115541
0.171477
0.189256
0.091248
0.500616
0.165416
0.085705
0.256979
0.092998
0.08787
0.186551
0
0.317132
0.007131
0.117855
0.152246
0.457034
0.401462
0.615794
0.144285
0.289344
0.259343
0
0.093654
0.230105
0.109565
0.203407
0
0.009567
0.931034
0.424441
0.98277
0.252416
0.336399
0.768428
0.079238
0.137353
0.417947
0
0.30695
0.675317
0
0.070389
0.276971
0.093873
0.066901
0.102902
0.149418
0.401919
0
0.111297
0.20903
0.382039
0
0.228814
0.061363
0.179503
0.124732
0.283892
0.231911
0
0.456983
0.200283
0.228042
0
0.073813
0.229665
0.202135
0.127621
0.346117
0.127803
0.501207
0.073073
0.091248
0.754662
0.125399
0.11415
0.41926
0.156853
0.367731
0.282149
0.283495
0.037277
0
0.2437
0.095341
0.286372
0.530634
0.216348
0.201759
0.082772
0.176574
0.280136
0.373043
0
0.152407
0.477992
0.106523
0.178063
0.011156
0
0
0.297068
0.093107
0.120408
0
0.134891
0.212577
0.044995
0.517896
0.12902
0.336399
0.352379
0.215588
0.124567
0
0.242752
0.362216
0.23738
0.262574
0.215914
0.091248
0.191023
0.333796
0.195928
0.148924
0.105049
0.146633
0.090871
0.157956
0.270065
0
0.192798
0.7924
0.332623
0.033173
0.639549
0.161754
0.436994
0.094405
0
0.093654
0
0.124027
0.120335
0.332183
0.155399
0.212947
0.06089
0.637073
0.159407
0.357751
0.12398
0.157665
0.394702
0.334676
0.06887
0.63241
0
0.013082
0.037053
0.043055
0.158317
0.015554
0.811385
0.202785
0.203606
0.016075
0.317199
0
0
0.126143
0.120476
0
0.222486
0.121039
0.172837
0.822953
0.193386
0.290461
0.259896
0.598005
0.043203
0
0.535203
0.059429
0.296918
0.184141
0.210475
0.661682
0.24171
0.496034
0.105832
0.093781
0.231006
0.160568
0.384934
0.062737
0.275947
0.082629
0.086641
0
0.211197
0.36988
0.451562
0.475387
0.236552
0.118432
0.070265

0.579177
0.132256
0.107018
0.339872
0.132239
0.130328
0.319661
0.139504
0.451329
0.322758
0.12113
0.170293
0.091014
0.057972
0.607585
0.097617
0.123354
0
0.488439
0.117613
0
0.117971
0.626639
0.39754
0.12318
0.13902
0.054608
0.46692
0.493615
0.307178
0.112216
0.259896
0.086422
0.061587
0
0.009975
0.204801
0.200833
0.33813
0.273591
0.234257
0.166414
0.171917
0.207915
0.284667
0
0.083376
0.145122
0.437355
0.306014
0.310529
0
0.148495
0.239799
0.29262
0.252174
0.085146
0.347926
0
0.073406
0.324554
0.302433
0.017608
0.031178
0.013598
0.236989
0.381235
0.405275
0.156485
0.182837
0.398139
0.202988
0.152371
0.149104
0.34447
0.272114
0.079428
0
0.116073
0.098774
0.240049
0.710585
0.240315
0
0.138424
0.187882
0.087201
0.431321
0.175275
0
0.04576
0.110856
0.111259
0.473243
0.063974
0.075627
0.102662
0.455216
0.178627
0.004548
0.256466
0.145747
0.425102
0.352394
0.571392
0.356028
0.018376
0.086178
0.066539
0.147113
0.037205
0
0.009924
0
0.20664
0.057008
0.486197
0.158859
0
0.078457
0.432119
0.753792
0.010364
0.807412
0.151731
0
0.069557
0.204191
0
0.309066
0.315759
0.091248
0.214523
0.469801
0.248301
0.259155
0.45624
0.135882
0
0.065372
0.091248
0.073048
0.631165
0.638933
0.466909
0.126417
0.032238
0.095379
0.109605
0.62795
0.113276
0.322239
0
0.082359
0.376489
0.313212
0.388047
0.364154
0.197356
0.335655
0.135727
0.260266
0.51901
0.006368
0.035887
0.19727
0.248566
0.133465
0.250599
0
0.044045
0.282551
0.058015
0.171206
0.208621
0.147717
0
0.160486
0.825582
0.158872
0.254924
0.082351
0.2497
0.42262
0.323299
0.143889
0.068115
0.035335
0.904917
0.271826
0.240428
0.030767
0.024031
0.219482
0.044466
0.240294
0.044466
0.901641
0.095036
0.094937
0.367828
0.146183
0.001967
0.073047
0.519931
0.297043
0.4297
0.084969
0.280542
0.097457
0.119113
0
0.120007
0.206472
0.296691
0.21398
0
0.273265
0.163193
0.044024
0.034897
0.140731
0.36101
0.138948
0
0.017722
0.083121
0.038189
0.397079
0.135682
0.264637
0.068051
0.508666
0.075639
0.035011
0.311076
0.120744
0.311967
0.288245
0.104825
0.610147
0.042667
0.04011
0.239969
0.117268
0.091248
0
0.505529
0.514786
0.025822
0.026259
0.329685
0.356624
0.374577
0.274423
0.156095
0.105969
0.310306
0.102866
0.239645
0
0
0.091248
0.04281
0.529973
0.245495
0.394559
0.20427
0.214372
0.070091
0.244171
0
0.222866
0.154976
0.114414
0.203801
0
0.143813
0.24373
0.309155
0.23267
0.197311
0.215919
0.124506
0.191857
0.009865
0.30196
0.092094
0.144513
0.06403
0.206941
0.327682
0.507717
0.037331
0.104463
0.074519
0
0.087218
0.051845
0.132436
0.203523
0.103972
0.083723
0.067301
0.106673
0.063956
0.320514
0.159903
0.214372
0.051414
0.00779
0.180077
0
0.275263
0.144251
0.10741
0.116805
0
0.109845
0.31239
0.311901
0.138637
0
0.059186
0.19173
0.177349
0
0.193962
0.090538
0.11347
0.185533
0.105195
0.127809
0.0264
0.543565
0.038045
0
0.136021
0.060503
0.203138
0.103486
0.79151
0.087573
0.052614
0.331328
0.194545
0.308552
0.105104
0.225504
0.087594
0.127319
0.132436
0.266682
0.08885
0.105147
0.204994
0.093654
0
0.117868
0.041064
0.421019
0.29591
0.009555
0.190834
0.191574
0.206961
0.08519
0.085582
0.05749
0.22014
0.22363
0.029945
0.129243
0.060473
0.261252
0.056184
0.009688
0.05778
0.126902
0.008769
0.042071
0.152085
0.371363
0.124331
0.131754
0.592649
0.044485
0.102555
0.020984
0.007235
0.799184
0.204659
0.198826
0.017738
0.013141
0.223571
0.222325
0.063512
0.073368
0.062922
0.375763
0.065607
0.123828
0
0.257584
0.025622
0.040464
0.339573
0.012014
0.101227
0.039305
0
0.041108
0.050297
0.905132
0.297525
0.021406
0
0.138409
0.138625
0.205325
0.271322
0.091248
0.08519
0.25964
0
0.108627
0.366714
0.090105
0.044437
0.059231
0.171104
0.227587
0
0
0.306733
0.144602
0.08519
0.035013
0.125916
0.331555
0.069971

0.434747
0
0.051501
0.033963
0.294082
0.383019
0.059576
0.311414
0.12594
0.223783
0
0.251676
0.231338
0.502556
0.110403
0.047816
0.208467
0.044437
0.057349
0.093121
0
0.180369
0.03994
0.091248
0.241175
0.182553
0.356368
0
0.174942
0.114679
0.132436
0.898482
0.043395
0.198205
0.214667
0.898482
0
0
0.347682
0.123729
0.08985
0.229555
0.28728
0.342921
0.160228
0.346953
0.266002
0.267898
0.399518
0.053861
0.061905
0.020889
0.380677
0.185935
0
0.073339
0.066722
0.395761
0.029284
0.149695
0.08519
0.060838
0.044008
0.091435
0.087573
0.043305
0.323947
0.167382
0.050013
0
0.091248
0.398073
0.476591
0.143499
0.393307
0.15431
0.057958
0.228219
0.132802
0.259236
0.283751
0.118186
0.931034
0.097514
0.167993
0.238532
0.072207
0.013254
0.216807
0.434808
0
0.100835
0.296517
0.045598
0.084026
0.147574
0.483387
0.464497
0.026498
0.10093
0.134051
0
0.261943
0.029676
0.524119
0.461836
0.188986
0.111158
0.06588
0.578371
0.229528
0.163494
0.493113
0.02033
0.09484
0.100258
0.091248
0.223596
0.22451
0.312718
0.041851
0.227142
0.307314
0.118766
0.208582
0
0.127867
0
0.102013
0.084167
0
0.031595
0.42531
0.067584
0.206712
0.060142
0.296248
0.093654
0.235633
0.138282
0.077617
0.095254
0.342139
0.321423
0
0.056237
0.785419
0.152238
0.20243
0.241343
0.192041
0.093654
0.221913
0.343597
0.132168
0.178061
0.065082
0.505484
0.436694
0.254234
0.095329
0.196931
0.090427
0.04863
0.065059
0.141444
0.31957
0.273239
0.297525
0.174695
0.095636
0.291498
0.313881
0.033239
0.085157
0.067489
0.221294
0.146509
0.134342
0
0
0.091812
0.081415
0.058277
0
0.37267
0.045487
0.202718
0.061658
0.178384
0
0.18943
0.15033
0.462147
0.009335
0.169608
0.11399
0.123754
0.308141
0.524348
0.533089
0.06738
0.320967
0.530857
0
0.18473
0.172149
0.230319
0
0
0.11784
0.337294
0.105717
0.044024
0
0.287616
0.259612
0.134335
0.104893
0.086259
0.098014
0.033239

0.146049
0.234637
0.029471
0.20338
0.025655
0
0
0.252368
0
0
0.016369
0.196242
0.143574
0.122428
0.39381
0.040768
0.030921
0.185364
0.107827
0.058337
0.144343
0.493531
0.095636
0.931034
0.557684
0.339611
0.129923
0.214919
0
0.268973
0.113484
0.297525
0.130069
0.103185
0.237296
0.222636
0.057204
0.091608
0.063867
0.073319
0.057204
0.328611
0.015304
0
0.444904
0.109767
0.129105
0.162097
0.091248
0.261325
0.179504
0.166235
0
0
0.041362
0.126955
0.187299
0.021471
0.072958
0.905132
0.112848
0.823386
0.046121
0.055001
0.015304
0.053672
0
0.433385
0.173553
0.256793
0.083774
0.063976
0.012123
0.134463
0.283665
0.086351
0.145887
0.175633
0.039871
0.322294
0.033963
0.115367
0.019253
0.095735
0.090973
0
0.010085
0
0.008225
0.260029
0.158312
0.158569
0.120833
0.331674
0.138075
0.016898
0.184111
0.2219
0.064842
0.121697
0
0.089423
0.045374
0.165416
0.668435
0.230548
0.169581
0.049385
0.132688
0
0.083664
0.040419
0.2015
0.268599
0.060918
0.01651
0.112956
0.050301
0.221185
0.256223
0.119168
0.508191
0.508191
0.302469
0.129942
0.195498
0.613614
0.029867
0.023696
0.314747
0.238896
0.34124
0.199333
0
0.370064
0.18419
0.103717
0.037534
0.334059
0.305356
0.041811
0.107415
0.133256
0.106458
0.162385
0
0.366721
0.242453
0.208055
0.122752
0.117029
0.107512
0.084895
0.144092
0.134644
0.110626
0.189125
0.040164
0.076587
0.059566
0.095636
0.100183
0.0813
0.560206
0.318513
0
0.309053
0.157952
0.119419
0.063035
0.06089
0
0.523172
0.146656
0.093403
0.047559
0.097575
0.254242
0.268952
0.087402
0.117496
0.066948
0.05588
0
0
0.261831
0
0.182846
0
0.073465
0
0.147708
0.116815
0.168745
0.099813
0.192505
0.396485
0.171334
0.096737
0.091248
0
0.077646
0.096427
0.087573
0.378918
0.292179
0.046151
0.057438
0.378026
0.255219
0.139162
0.093805
0.59298
0.053716
0.396846
0.280797
0.144618
0.375815
0.315431
0.210018
0.084626
0.109602
0.109025
0.246947
0.103337
0.131973
0.066365
0.053634
0.3327
0.176122
0.131167
0.095926
0.118405
0.108486
0.059313
0
0.067741
0.159245
0.279419
0.053879
0.230407
0.039895
0
0.661223
0.059763
0.093654
0
0.416874
0.249782
0.341739
0.350697
0.093654
0.048033
0
0.052094
0
0.232007
0
0
0.206751
0.237708
0.019418
0.052801
0.048328
0.074629
0.049383
0
0.56369
0.057204
0
0.136152
0.137587
0.063268
0.071455
0.005676
0.452052
0.042779
0.020208
0.166824
0.008395
0.528996
0.070416
0
0.087573
0
0.206712
0.266714
0.385171
0.217406
0.01886
0.106512
0.365042
0.177576
0.269627
0.092425
0.160767
0.158369
0.160767
0.71798
0.307151
0.084764
0.088669
0
0.082873
0.17137
0.159149
0.013376
0.160767
0.22166
0.34124
0.272784
0.206781
0.206781
0.341042
0
0.081554
0.128874
0.058696
0.160767
0
0.064538
0.206781
0.496337
0.206781
0.05756
0.126604
0.153353
0.265303
0.143448
0.206781
0.392231
0
0.203896
0.349851
0.091248
0.142341
0.090048
0.176132
0.11581
0.177007
0.785268
0.291394
0.322684
0.065582
0.175467
0.016131
0.148679
0.370607
0.34124
0.355586
0.051713
0.029837
0.159537
0.119779
0.343784
0
0.088206
0
0.214372
0.10755
0.231443
0.124677
0.205067
0
0
0.289595
0.060924
0.111113
0.278701
0.29536
0
0.071578
0.021753
0.556583
0.053941
0.488437
0.202018
0.467015
0.206781
0
0.051713
0
0.264193
0.075664
0.065227
0.162047
0.286923
0.496337
0.106256
0.138017
0.370761
0.255617
0.020762
0.289722
0.357808
0.104894
0.235846
0.223429
0.337075
0.023252
0.349447
0.069301
0.496337
0.105688
0
0
0.044014
0.112426
0.229696
0.138567
0.193176
0.04125
0.113981
0.399133
0.132753
0.099978
0.11718
0.096699
0.153275
0.168879
0.055748
0.774328
0.226007
0.01622
0.197658
0.04125
0.115688
0
0.08081
0.214685
0.081741
0.1173
0.108504
0
0.093654
0.235141
0.133527
0.091248
0.539621
0.127434
0.130304
0.086693
0.093498
0
0.663995
0.089788
0.04125
0.061863

0.040975
0.143531
0.077022
0.013619
0.055748
0.017343
0.185711
0.091248
0.234046
0.097457
0
0.030386
0.146768
0.070861
0.903902
0.421325
0.098546
0.092999
0.116702
0.083945
0.18419
0.019374
0.055748
0.097457
0.096591
0.183003
0.164985
0.154198
0.091843
0.321124
0.272557
0.170402
0.04125
0
0.005993
0.091248
0.004635
0.15362
0.344462
0.097457
0.111133
0.055748
0.124253
0.122343
0.067375
0.121932
0.070079
0.028365
0.169767
0.117794
0.055748
0.063274
0.12908
0.248031
0.068938
0.106219
0.034983
0.069834
0
0.172728
0
0.381808
0.08575
0.081947
0.325681
0.20221
0.042838
0.4564
0.070273
0.281972
0.252444
0
0.134045
0
0
0.067059
0
0.360046
0.164057
0.091919
0
0.842006
0.931034
0.064952
0.097457
0.085362
0.182077
0.090761
0.087573
0.020153
0.102866
0.102812
0.161716
0.114571
0.058714
0.060473
0.931034
0
0.110003
0.039078
0.106933
0.873678
0.093654
0.486197
0
0.108306
0.208886
0
0.13793
0.058177
0.869225
0.091248
0.146979
0.11605
0.029137
0.097457
0.41047
0.097457
0.174402
0.218187
0.344003
0
0.133149
0.048763
0
0.091248
0.276249
0.75656
0
0.108026
0
0.059087
0.113174
0.169446
0.057264
0.253879
0
0.163679
0
0.169446
0.067706
0.15042
0.238061
0.080942
0.109207
0
0.090106
0.060489
0.099978
0.084926
0.095835
0.074296
0.102052
0.061309
0.038248
0.197658
0.475803
0
0.036034
0.090714
0.15362
0.093801
0.088551
0.118812
0.019403
0.436876
0.118812
0.05082
0.798165
0.011086
0.87577
0.072261
0.479163
0.091248
0.118971
0.038843
0.094143
0.067841
0.058552
0.030785
0.041477
0.074902
0.081947
0.129188
0.098763
0.288311
0.211252
0.118812
0.095075
0
0.093654
0.176157
0.118812
0.096754
0.265316
0.076421
0.080851
0
0.093654
0.058243
0.085274
0.130304
0.093654
0
0.092805
0.099007
0.752719
0.124425
0.087696
0.091248
0.419974
0.527987
0.116743
0.191368
0.093654
0.248696
0.113078
0.581163
0.214574
0
0.086152
0.966126
0.015247
0.122413
0.140233
0.197356
0.063462
0.110374
0.074177
0.054108
0.063124
0.314525
0.215747
0.065851
0.093507
0.160689
0.383619
0.066291
0.440391
0.065479
0.036285
0.108098
0.123703
0
0.931034
0.323344
0
0
0.042287
0.207993
0.303025
0.152238
0.160196
0.089269
0
0.245301
0.092425
0.153511
0.18905
0.098763
0.068507
0.155144
0.095037
0.121143
0.841927
0.091248
0.199639
0.006304
0.077476
0.26623
0.08282
0.043942
0.28747
0.149935
0.098763
0
0.134829
0.180146
0.093654
0.191389
0.087994
0.100051
0.283907
0.117044
0.375649
0.095261
0.037306
0
0.099069
0.145251
0
0.128581
0.839957
0.054147
0.045633
0.105073
0.355615
0.52374
0.092425
0.285801
0.141538
0.044714
0.149033
0.217286
0.072194
0.112513
0.416858
0
0.065897
0.30145
0
0
0.093334
0.176609
0
0.091452
0
0.104125
0.089047
0.15541
0.093399
0.093873
0.069222
0.058207
0.052302
0.295648
0.120011
0.214241
0
0.113901
0.18567
0.119927
0.091897
0.133257
0.343221
0.056523
0.055378
0
0.715193
0.158926
0.527342
0.092425
0.21398
0.214274
0.094447
0.188336
0
0.180552
0
0.284653
0.113762
0.256162
0.109928
0.080869
0.116962
0
0.071796
0.179366
0.004597
0.051749
0.062623
0.364162
0.153291
0.131945
0.523897
0.154645
0.029837
0.471245
0.053481
0.364976
0.227679
0.122053
0.093123
0.062619
0.001991
0.245301
0.017248
0.005568
0
0.092554
0.036598
0.176251
0.108432
0.12546
0.096173
0.140606
0.198822
0.021773
0.087026
0.093654
0.167015
0.091248
0.23232
0.118403
0
0.216946
0.067329
0.223382
0.289853
0.093654
0
0.373363
0.102862
0.097457
0.177081
0.121607
0.251938
0.003488
0.070761
0.846528
0.58577
0.082279
0.045504
0.097287
0.104437
0.102663
0.113931
0.024051
0.192311
0.064245
0.106963
0.171678
0.09758
0.225552
0.06417
0.24528
0.118266
0.886119
0.310823
0.247922
0.137343
0.097866
0.151016
0.089645
0.080188
0
0.256395
0.446998
0.221917
0.461289
0.080011
0.656857
0.20071
0

0.483548
0
0.013069
0.076028
0.088169
0.043671
0.14049
0.363063
0.122166
0.398044
0.090611
0.201253
0
0.43087
0.513065
0.130399
0.607331
0.406451
0.025829
0.084199
0.066275
0.109797
0
0.106247
0.071433
0.272737
0.566084
0
0.64782
0.052861
0.583121
0.023947
0
0.509694
0.096649
0.292851
0.156323
0.134727
0.751756
0.514391
0.061209
0.666647
0.139313
0.59298
0.125707
0.564202
0.23115
0.104301
0.092967
0.10832
0.576885
0.152843
0.008219
0.624689
0.187391
0.24711
0.10014
0.320284
0.13123
0.796621
0.624187
0.439232
0.751756
0.518798
0.654346
0.399335
0.118472
0.260021
0.093754
0.41244
0.550398
0.026894
0.157981
0.751756
0
0.366455
0.461384
0.195434
0.06589
0.123803
0
0.426563
0.024077
0.091248
0.751756
0.114661
0.248058
0.050474
0.0579
0.076254
0.465023
0.397005
0.160559
0.126457
0.119351
0.34317
0.207446
0.072434
0.673728
0.226041
0.356031
0.120134
0.07908
0.077639
0.281667
0.321935
0.48458
0.14865
0.171871
0.58818
0.131782
0.102902
0.42755
0
0
0.398923
0.033195
0.248113
0
0.450717
0.174795
0.167957
0.26761
0.37949
0.286276
0.307882
0.436495
0
0.094591
0
0.037094
0.106849
0.064752
0.053879
0.578971
0.519324
0.452613
0.244331
0.751756
0.228527
0.356508
0.091144
0.087573
0.093654
0.494883
0
0
0.56387
0
0.02903
0
0.41077
0.211311
0.017549
0.169079
0.751756
0.454902
0.434737
0
0.115584
0.026664
0.282498
0.418697
0.727039
0.341292
0.051713
0.216529
0.695301
0.058287
0.690799
0.20224
0.502079
0.426277
0.091582
0.328817
0
0.06514
0
0.22613
0.619227
0.573074
0.167996
0.422684
0.192077
0.216723
0.128418
0
0.193456
0.093654
0.469222
0.526513
0.751756
0
0
0.357344
0.130239
0.214755
0.098493
0.586699
0.097722
0.474691
0.198858
0
0.751756
0.045399
0.751756
0.427317
0.091248
0.931034
0
0
0.504232
0.624689
0.25142
0.530042
0.110289
0.505405
0.087573
0.05398
0.10741
0.061285
0.110217
0
0.042852
0.183754
0.115004
0.063625
0.051713
0.477492
0.017548
0.169125
0.071121
0.325271
0.159534
0.082693
0.045211
0.110658
0.513844
0.090486
0.846117
0.059457
0.062987
0.395409
0.071672
0.08334
0.083922
0.108058
0.179036
0.832702
0.348726
0.014334
0.099801
0.063625
0
0
0.051713
0.294078
0
0.160663
0.040203
0.460099
0.220054
0.044283
0.004047
0.303624
0.148791
0.034806
1
0.542124
0
0.252071
0.170145
0.044968
0.082955
0.040753
0
0.08519
0.072463
0.170145
0.454514
0.311517
0.312845
0.083693
0.028279
0.18099
0.013943
0
0.305878
0.133305
0.170145
0.170145
0.171416
0
0.066638
0.170145
0.11982
0.204705
0.049097
0.084839
0.123106
0.07058
0.170145
0.181379
0.022705
0.052456
0.16445
0.111612
0.052106
0.114787
0.053879
0.967586
0.045504
0.510885
0.071299
0.050474
0.056084
0
0.298214
0.1842
0.077272
0.063625
0.160486
0.23706
0.046267
0.329378
0.105459
0.063625
0.088521
0.14212
0.035088
0.170608
0.078112
0.07157
0.098023
0.081112
0.257822
0
0.051713
0.063426
0.08936
0.017891
0.057348
0.051713
0.479834
0.312933
0.035701
0
0.235638
0
0.092479
0
0.180026
0.301345
0.052106
0.128016
0.088078
0.055394
0
0.036999
0.316713
0.093597
0.072212
0.082554
0.031949
0.079914
0.028151
0.139629
0
0.045101
0.138207
0.033311
0.74842
0.08519
0.118345
0.346953
0.080067
0.049995
0.318274
0.032442
0.124146
0.143903
0.103614
0.070903
0.391426
0.093201
0.118384
0.192392
0.141031
0.076192
0
0.139129
0.120936
0.053879
0.051713
0.046504
0
0.383835
0.091946
0.36433
0.086442
0.019439
0.083376
0.053989
0.053879
0.292308
0.016975
0.186595
0.080372
0.00595
0.360367
0.075149
0.126049
0.15982
0.420279
0.006182
0.05186
0.065957
0.106491
0.120098
0.014277
0.30305
0.368802
0
0.236707
0
0.047679
0.115861
0
0.329547
0.13413
0
0.190274
0
0.337002
0.026905
0.13701
0.136799
0.029532
0.193176
0.057016
0.087573
0.120842
0.167114
0
0.022505
0.119786
0.060528
0.217268
0
0.060464
0.222817
0.220746
0.229115
0.093654
0.105942
0.079554
0.27759
0.113055
0.067689
0.111602
0.251173
0.613362
0
0.023453
0.109454
0.038164
0.412409
0.148553
0.216541
0.029055
0.188822
0.294549
0.026056
0.070421
0.081771
0.110926
0.1355
0.100502
0.061287
0.176022
0.084893
0.123106
0.111138
0.105301
0.911522
0.265742
0.08328
0
0.053725
0.122279
0.048273
0.309849
0.0274
0.098939
0.082164
0.089993
0.229215
0.4995
0.061084
0
0.096098
0
0.038885
0.233465
0.141486
0.027163
0.05778
0.383478
0.053879
0.223258
0.051713
0.090626
0.046245
0.002956
0.066922
0.03773
0.063602
0.021284
0.180486
0.059105
0.146461
0.163563
0.095353
0.130484
0.145248
0.055656
0
0.039078
0
0.024427
0.847555
0
0.068446
0.164361
0.055044
0
0
0.099529
0.10249
0.084007
0
0.051713
0.035173
0.043365
0.194565
0.062463
0.166915
0.104589
0.099464
0.16228
0.089045
0.051713
0.077538
0.360367
0.083021
0.073321
0.138398
0.062798
0.079765
0.163897
0.04568
0.062454
0.046995
0.013604
0.051713
0.255887
0.071914
0.05173
0.31647
0.239266
0
0.148791
0.031624
0.125443
0.035383
0
0.111583
0.043166
0.188822
0.11037
0.082996
0.074881
0.118877
0.069993
0.091368
0.104861
0.345844
0.051713
0.087573
0.037247
0.417587
0.077981
0.05221
0.064069
0.084305
0.102214
0.057018
0.145248
0.09049
0.102384
0.057204
0.095852
0.053879
0.041755
0.426977
0.17255
0.081476
0.016167
0.181807
0.080427
0.053879
0.053879
0.083678
0.092733
0.314445
0.047944
0.044113
0.06596
0.42612
0.07114
0
0.134669
0.111338
0.056618
0.354867
0
0.07118
0.141818
0.171416
0.064793
0.374453
0.332902
0.068965
0.106613
0.351675
0.082848
0.081875
0
0.465703
0.078208
0.108319
0.066529
0.816694
0.031308
0.209015
0.110518
0.20346
0.043641
0.154926
0.051713
0.050967
0.0208
0.311499
0.088014
0.046598
0.398133
0.087573
0.074345
0.331448
0.057211
0.053841
0.050494
0.117882
0.051627
0
0.051713

0.16143
0.014227
0.336314
0.061536
0.087624
0.079809
0.051713
0.315439
0.073952
0.268531
0.097919
0.033201
0.060228
0.013752
0.051713
0.064245
0.392686
0
0.053838
0.094347
0.190695
0.081435
0.202847
0
0.13431
0.178457
0.219093
0.060413
0.039305
0.009467
0.063035
0.018074
0.82189
0.053534
0
0.152371
0.430666
0.167821
0.04531
0.670591
0
0.536068
0.247375
0.065785
0.053879
0.079495
0.250677
0.186192
0.139791
0.258654
0.931034
0
0.046121
0.051713
0.107135
0.166073
0.096372
0.215876
0.485099
0.024283
0.053879
0.797971
0.059967
0.142011
0.051713
0.053879
0.258672
0.056415
0.093307
0.02709
0.231929
0.231002
0.054026
0.050474
0.464585
0.173133
0.091248
0.140237
0.087662
0
0.138433
0.341845
0.01713
0.076225
0.102609
0.249729
0.050474
0.393651
0.070998
0.058511
0.055889
0.097805
0.130296
0.148652
0.4517
0.087573
0.324195
0.078308
0.051713
0.071897
0.030526
0.073353
0.154051
0.053578
0.2902
0.051889
0.051713
0.062689
0.148334
0.015612
0.053413
0.115409
0.139419
0.095218
0.610571
0.051936
0.098597
0.052587
0.064752
0
0.101092
0.539422
0.876622
0.063282
0.151506
0.053879
0.092922
0.227399
0.025163
0.038341
0.192268
0.054115
0.10131
0.081416
0.070903
0.293084
0.053879
0.050474
0.051713
0.078172
0.021384
0.237708
0.026186
0.053879
0.051302
0.145459
0
0.051713
0.051713
0.190902
0.096935
0.517495
0.18419
0
0.18943
0.061285
0.056793
0.100098
0.0571
0.296961
0
0.073586
0.05126
0.112456
0
0.313373
0.118649
0.063763
0.18419
0.07001
0.108244
0.139586
0.221616
0.10948
0.076246
0.026608
0.154296
0
0.20441
0.056471
0.156325
0
0.458072
0.881157
0.006034
0.035889
0
0.1355
0.074085
0.276565
0.084893
0.054875
0.135688
0.063625
0
0.066281
0.051713
0.16883
0.052124
0.052058
0.10675
0.063492
0.050474
0.068092
0.01014
0.132702
0.584949
0.245247
0.091709
0.17673
0.384781
0.04105
0.044461
0.005414
0.195776
0.094632
0.12398
0.090393
0.206905
0.627578
0.071333
0.026844
1
0.822649
0.161027
0.389247
0.146836
0.197658
0.523415
0.195434
0.207368
0.073581
0.779347
0.106979
0.081679
0.247129
0.053879
0.063625
0.040901
0.380934
0.141506
0.089192
0.205373
0.225716
0
0.190176
0.0994
0.296555
0.310591
0.044614
0.178457
0.051713
0.008052
0.311997
0.107672
0.046401
0.051713
0.057043
0
0.043454
0.068642
0.540763
0.051713
0.074603
0.081667
0.008969
0.931034
0.053879
0.057524
0.031875
0.053879
0.049526
0.074718
0.051549
0.093654
0.750372
0.219454
0.376932
0.044531
0.169936
0.13909
0.041155
0.175078
0.099356
0.205664
0
0.510359
0.580524
0.066131
0.043454
0.073632
0.672137
0.469694
0.130561
0.059543
0.059108
0.057725
0.285569
0.029823
0.040185
0.365105
0.011373
0.044239
0.193549
0.051713
0.522785
0.023286
0.091248
0.042954
0.094038
0.134662
0.051713
0.14042
0
0.116865
0.112597
0.059186
0.068509
0.064141
0.065607
0.790474
0.115584
0.091766
0.221548
0.040652
0.069887
0.09506
0.093654
0.064917
0.14049
0.057204
0.102303
0.059849
0.06403
0.085334
0.134662
0.093654
0.052632
0.102529
0.070091
0.133894
0.057204
0.12702
0.464958
0.035533
0.037679
0.366619
0.057204
0.150965
0.069749
0.014381
0.151826
0.240504
0.139629
0.240504
0.06841
0.057204
0.149691
0.054897
0.065479
0.003435
0.166351
0.115584
0.042737
0.15044
0.913043
0.093654
0.163401
0.21417
0.05241
0.093654
0.07612
0.069713
0.069972
0.069854
0.082947
0.110012
0.103527
0.115584
0.156883
0.048777
0.913043
0.053174
0.067641
0.083723
0.091248
0.337407
0.232063
0.146538
0.250428
0.072049
0.067301
0.096602
0.065094
0.065479
0
0.096298
0.251769
0.144513
0.093654
0.141602
0.062366
0.053318
0.260509
0.161389
0.106859
0.131963
0.063274
0
0.091248
0.056471
0
0.141602
0.107119
0.097159
0.093654
0.068897
0.031372
0.057204
0.082465
0
0.085203
0.308551
0.142011
0.299062
0.144513
0.093654
0.536506
0.05588
0.093129
0.068075
0.148379
0.177721
0.237332
0.104648
0.218084
0.102866
0.358137
0.174695
0.10481
0
0.371942
0.234186
0.116154
0.130513
0.053879
0.054317
0.093201
0.228032
0.140564
0.099894
0.097234
0.057041
0.144223
0.062366
0.172425
0.072522
0.038845
0.143642
0.104076
0.083765
0
0.091248
0.374665
0.167166
0.077655
0.486702
0.129115
0.099313
0.060052
0.034411
0.083869
0.536068
0.077655
0.059964
0.101106
0.080942
0.225532
0.15413
0.141495
0.109639
0.093063
0.057204
0.297039
0
0.112581
0.063203
0.065479
0.065479
0.005631
0.065733
0.065733
0.056884
0.149155
0.112791
0.078925
0.04316
0.152958
0.149155
0.090468
0.067301
0.093654
0.163752
0.065479
0.123956
0.072101
0.022033
0.067409
0.067432
0.069865
0.100127
0.093654
0.173286
0
0.076192
0.155621
0.061328
0.103606
0.078445
0.080143
0.057204
0.102866
0.30145
0.10705
0.084055
0.080428
0.329914
0.117181
0.062463
0.156977
0.098561
0.065479
0.060569
0.101521
0.093433
0.039535
0.12712
0.322346
0.129795
0.30145
0.069139
0.071548
0.094319
0.289314
0.115855
0.068017
0
0.095461
0.039059
0.124869
0.499126
0.106319
0.063438
0.067737
0.036372
0.064936
0.073658
0
0.156753
0.090148
0.05517
0.040054
0.065479
0.083287
0.076434
0.01696
0.036932
0.063009
0.151714
0
0.180484
0.167642
0.093654
0.289362
0
0.266343
0.913043
0.065479
0.122596
0.124638
0.029992
0.111098
0.054018
0.140003
0.152618
0.085088
0.025814
0.118589
0.285822
0.10626
0.156753
0.248452
0.039877
0.068897
0.031823
0.091248
0.065094
0.067888
0.201468
0.057204
0.103456
0.140213
0.042954
0
0
0.093189
0.042954
0.031054
0.113082
0.143294
0.057678
0.156753
0.025794
0.913043
0.109665
0
0.028816
0
0.358167
0
0.093654
0.339312
0
0.023934
0.093654
0.200212
0.065479
0.072049
0
0.065479
0.138433
0.093654
0.18019
0.042954
0.113762
0.020757
0.051422
0.728538
0.182645
0.152773
0
0.127147
0.104267
0.072554
0.099532
0.080116
0.074433
0.153666
0.150539
0.057204
0.052942
0.061143
0.348452
0.018041
0.111266
0.102379
0.197819
0.093654
0.059105
0.083701
0
0.041946
0.03213
0.120383
0.232864
0.103058
0.093654
0.123697
0.130449
0.039669
0
0.046151
0.123966
0.285822
0.130484
0.157305
0.041368
0.087573
0.081041
0.101876
0.093654
0
0.143574
0.091248
0.138964
0.062221
0.123648
0.057167
0.081041
0.048101
0.080274
0.122361
0.076028
0.123463
0.082868
0.060328
0.913043
0.081041
0.156445
0
0.499557
0.106438
0.233501
0.315962
0.011768
0
0.122652
0.155352
0.081667
0.041458
0.293269
0.143374
0.057204
0.057204
0.072049
0.152046
0.051713
0.059254
0
0.058054
0.143374
0.15831
0.159043
0.139567
0.085378
0
0.091248
0
0.073917
0.080588
0.349834
0.056555
0.057204
0.169971
0.111367
0.071625
0.041003
0.08171
0.059108
0.319766
0.099082
0.072382
0.151176
0.10986
0.057597
0.123491
0.044325
0.190417
0.104505
0.059771
0.128638
0.045858
0.026634
0.065027
0.076028
0.052712
0.225552
0.453729
0.05955
0.142121
0.102487
0.076028
0.110926
0.274943
0.126285
0.134335
0.050851
0.215603
0.228902
0.343919
0.190228
0.10361
0.109465
0.065762
0.088426
0.045858
0.094693
0.067301
0.101215
0.093654
0.050435
0.089761
0.129942
0.142121
0.075888
0.026608
0.067986
0.093654
0.05157
0.191955
0.044208
0.057204
0.726735
0.06403
0.063591
0.029838
0.10287
0.068066
0.117877
0.080414
0.093654
0.081926
0.048641
0.357688
0.096359
0.056374
0.190759
0.121532
0.192411
0.078196
0.150287
0.053492
0.05588

0.090065
0.132677
0.481489
0.152238
0.091248
0.066585
0.049147
0.102473
0.109565
0.051108
0.194558
0.054519
0.095508
0.038236
0.252289
0.085324
0.113981
0.072558
0.219811
0.047468
0.149017
0.024529
0.168463
0.078988
0.199009
0.069616
0.239662
0.142121
0.913043
0.096639
0.076564
0.145972
0.103696
0.131857
0.138812
0.140241
0.069228
0.09506
0.142452
0.118787
0.212688
0.065479
0.070091
0.11105
0.067301
0.019816
0.913043
0
0.090627
0.814205
0.176609
0.065479
0.031274
0.191438
0
0.05588
0.055048
0.146097
0.117842
0.032525
0.542124
0.279888
0.087573
0.015377
0.308436
0.08681
0.125
0.058268
0.097061
0.242039
0.053879
0.128758
0.05741
0.045162
0.142011
0.078557
0.144699
0
0.089596
0.369005
0.092425
0.280009
0.039093
0.136579
0.071186
0.149893
0.131913
0.039827
0.131857
0.291156
0.046063
0.040949
0.053502
0.359061
0.042143
0.054712
0.101027
0.091248
0.152826
0.164985
0.091248
0.126924
0.065479
0.116743
0.069228
0.047188
0.15992
0
0.223831
0.845733
0.694968
0.87469
0.053879
0.684369
0.905132
0.77953
0.217952
0.904917
0.852824
0.819846
0.430375
0.918044
0.853616
0.08505
0.313984
0.890899
0.776199
0.079014
0.266436
0.885073
0.075043
0
0.605982
0.184324
0.191801
0.38785
0.49506
0.209671
0.15276
0.380524
0.662543
0.788924
0.656491
0.905132
0.761858
0.87897
0.193948
0.348726
0.055048
0.025238
0.886573
0.117971
0
0.050446
0.880819
0.903583
0.136871
0.113981
0.300174
0.454055
0.885417
0.853058
0.712109
0.188642
0.499081
0.887329
0.790041
0.823535
0.349049
0.247475
0.310671
0.286372
0.00783
0.18511
0.131371
0.221258
0.06867
0.050452
0.125956
0.743949
0.009582
0.824504
0.905132
0.021314
0.231172
0.105321
0.093654
0.402112
0.903616
0.840468
0.091248
0.063605
0.861209
0.810579
0.29392
0
0.625434
0.645963
0.871265
0.041085
0
0.064948
0.853092
0.776599
0.886413
0.824115
0
0.355535
0.730659
0.735794
0.210057
0.873603
0.837755
0.106518
0.261786
0.904917
0.77412
0.903616
0.091248
0.864013
0.726742
0.722052
0.340991
0.106166
0.147655
0.077521
0.698845
0.927919
0.794384
0.811201
0.787751
0.886954
0.217417
0.808643
0.060359
0.811789
0.763286
0.059079
0
0.131127
0.876989
0.308072
0.884094
0.747427
0.70645
0.078535
0.551856
0.727091
0.895045
0.837663
0.1241
0
0.759401
0.105839
0.565013
0.596412
0.54647
0.782257
0.741128
0.13128
0.869552
0.82494
0.905132
0
0.886413
0.075737
0.357996
0.843478
0.786854
0.817745
0.819846
0.09234
0.679373
0.866173
0.229694
0.155735
0.304899
0.65725
0.873603
0
0.737835
0
0.073063
0.90229
0
0.87928
0.853911
0.360245
0.886954
0.142677
0.763923
0.930222
0.818017
0.108203
0.500564
0.74611
0.82629
0.093265
0.128777
0.862704
0.015384
0.904917
0.904917
0.905132
0.151394
0.865625
0.855372
0.886413
0.842631
0.903982
0.827638
0.86933
0.613422
0.784225
0.902731
0.852824
0
0.904917
0.606656
0.903616
0.904917
0.877798
0.752564
0.853703
0.904917
0.918644
0.143048
0.342484
0.905132
0.811094
0.381876
0.030339
0.903616
0.826031
0.61114
0.41434
0.784578
0.833441
0.811572
0.043455
0.452618
0.879549
0.868095
0.679094
0.628227
0
0.865789
0.750544
0.792378
0.103527
0
0
0.903616
0.817904
0.853058
0.863069
0.766479
0.238313
0.887993
0.069567
0.903616
0.184563
0.912475
0.762599
0.821477
0.754212
0.484184
0.842904
0.467205
0.75789
0.031314
0.776277
0.607456
0.86482
0.87171
0.835844
0.309288
0.49842
0.689017
0.758893
0.903583
0.643308
0
0.811685
0.74634
0.118649
0.57317
0.124245
0.113701
0.096321
0.820309
0.519128
0.867076
0.583102
0.693895
0.787751
0.802383
0.796514
0.1644
0.903616
0.665123
0.007757
0.657427
0.594621
0.908286
0.869459
0.015688
0.469782
0.872973
0.852824
0.785761
0.245301
0.248208
0.137917
0.329734
0.197995
0.172806
0.187429
0.042775
0.567724
0.200183
0.325058
0.101282
0.125346
0.288273
0.248208
0.231827
0.162941
0.317098
0.335331
0.40096
0.102866
0.146811
0.251868
0.228794
0.245301
0.452855
0.309397
0.034665
0.025715
0.540671
0.399971
0.3354
0.510249
0.18923
0.108865
0.094447
0.509841
0.006168
0.060142
0.050083
0.317279
0.136093
0.327074
0.222787
0.290018
0.539723
0.263696
0.366102
0.496554
0.165209
0.381579
0.117527
0.18589
0.455653
0.225288
0.087573
0.248208
0.143198
0.378467
0.471543
0.167657
0.389377
0.498433
0.311055
0.245301
0.08265

0.403286
0.489935
0.159068
0.28248
0.126239
0.176419
0.224436
0.181039
0.543674
0.138351
0.207154
0.151069
0.303018
0.245301
0.262845
0.068115
0.253441
0.57525
0.487172
0.186893
0.436729
0.177385
0.467569
0.163578
0.360474
0.239648
0.391995
0.066324
0.068188
0.329101
0.351622
0.216089
0.245301
0.017571
0.172204
0.163513
0.209586
0.2083
0.299648
0.248206
0.351322
0.180949
0.197704
0.32741
0.499345
0.345241
0.221059
0.295648
0.091469
0.245301
0
0.391051
0.275318
0.093642
0.15236
0
0.289198
0.355381
0.66232
0.195325
0.438944
0.662994
0.253536
0.390563
0.482103
0.104249
0.3476
0.035612
0.436292
0.035772
0.280953
0.170919
0.218437
0.207839
0.135713
0.153785
0.322908
0.072509
0
0.019029
0.266377
0.09542
0.022556
0.417292
0.139214
0.064445
0.133551
0.169285
0.107382
0.0461
0.370569
0.120669
0
0.150149
0.227155
0.093654
0.185504
0.07275
0.209671
0.055723
0.227549
0.097648
0.180689
0.333861
0.150149
0.142246
0.091248
0.308787
0.225339
0.093654
0.142837
0.051021
0.035287
0.040226
0.091248
0.200745
0.055394
0.154926
0.126285
0.096111
0.037458
0.407253
0.386153
0.121941
0.227155
0.21624
0.227155
0.087573
0.103025
0.227549
0.063124
0.091248
0
0.148277
0
0.150149
0
0.044508
0.432615
0.222858
0
0
0.073656
0.118941
0.012337
0.063625
0.150149
0.046034
0.022556
0.220882
0.533089
0.107818
0.075365
0.347028
0.085713
0.097766
0
0
0.093654
0.175204
0.166306
0.150149
0.235576
0.227155
0.200446
0.022556
0.095194
0.064566
0.060909
0.150149
0.127187
0.150149
0
0.239757
0.326405
0.017642
0.534796
0
0
0
0.178897
0.286707
0.526291
0.093654
0.051713
0.330235
0.085205
0.099944
0.137856
0.069744
0.091248
0.245083
0.080247
0.279969
0.065184
0.110428
0.813441
0.099599
0.160621
0.162386
0.106981
0.577119
0.071525
0.063068
0.180875
0.046877
0.529105
0
0.177621
0.29453
0.317843
0.306303
0.11734
0.064558
0.084267
0.396664
0.138137
0.044931
0.025796
0.091248
0.13912
0.105609
0.080686
0.035458
0.448688
0.087573
0.116743
0.200067
0.183177
0.312723
0.093388
0.327066
0.105609
0
0.832098
0.091248
0.143633
0.212331
0.024171
0.531554
0.150409
0.143572
0
0.040874
0.186223
0.227906
0.091076
0.116296
0.493759
0.043518
0.109925
0.141288
0.577119
0.093654
0.391157
0.040627
0.043901
0.068518
0.06118
0.058665
0.260806
0
0.162571
0
0.156753
0.156753
0
0.111602
0.119461
0.111658
0.273258
0.288388
0.098143
0.093654
0.243793
0.252426
0
0.091248
0.093654
0.316837
0.020977
0.218031
0.069957
0.023981
0.116743
0
0.243941
0
0
0.547094
0.116743
0.012909
0.407912
0.205128
0.312307
0.184178
0.149536
0
0.087573
0
0.093654
0.053879
0
0.312307
0.152748
0.187012
0.151661
0.049317
0.166282
0.262849
0.064136
0.340394
0.203064
0.29014
0.198011
0.126019
0.159901
0.111579
0.077919
0.027279
0.246705
0.094372
0.032036
0.482765
0.168795
0.068075
0.26624
0.154645
0
0.208828
0.065531
0.227311
0
0.356486
0.443048
0.075219
0.03167
0.243166
0.70977
0.133114
0.186164
0.213097
0.13155
0.192502
0.121366
0.504103
0.131365
0.1585
0.177213
0.143687
0.093654
0.011691
0.187338
0.096589
0.116011
0.2578
0.236989
0.250408
0.017967
0.210807
0.162398
0.215876
0.108861
0
0.332943
0.091248
0.312307
0.275088
0.263039
0.650678
0.242138
0.312452
0.082502
0.13826
0.079158
0.018925
0.223567
0.274354
0.104875
0.080005
0.261729
0.093654
0.115371
0.421203
0.162899
0
0.105687