0
0.097384
0.360418
0.281563
0.390005
0.140969
0.111971
0
0.148736
0.922468
0.750189
0.04825
0.382866
0.023684
0.047771
0.174219
0.012577
0
0.090933
0.169535
0.17469
0.286152
0.073271
0.455519
0.776775
0
0.879786
0.169262
0.166732
0.050649
0.152521
0.033843
0
0.455963
0.018944
0.062557
0.142491
0.036982
0.036507
0.06921
0.174219
0.112456
0.055282
0.156808
0.153341
0.01085
0.087083
0
0.414256
0.395277
0.351942
0.136906
0.860488
0.455453
0.273935
0.174219
0.017021
0
0.049701
0.789116
0.489857
0.443515
0.026998
0.02995
0
0.001371
0.264594
0.117413
0.373804
0.778793
0.057143
0.009749
0.036906
0.291705
0.185315
0.230075
0.007717
0.033757
0.410155
0.046667
0.220183
0.274609
0.022234
0.343068
0.518092
0.069981
0.023659
0
0.654076
0
0.196445
0.391892
0.322556
0.676599
0.296488
0.325459
0.127752
0.645247
0.177245
0.15061
0.149492
0.356642
0.73313
0.327229
0.093977
0.544586
0.150594
0.024519
0.062959
0.123775
0
0.067128
0.090879
0.232121
0.959151
0.084878
0
0.265247
0.459433
0.048077
0.01986
0.112215
0.133762
0
0.180627
0.211732
0
0.004178
0.315853
0.55867
0
0.08145
0
0.001984
0.091272
0.001279
0.257435
0.067667
0
0
0.308919
0.080614
0.111846
0.011152
0.268115
0.247421
0.014921
0.194571
0.130454
0.425175
0.25464
0.070226
0.320989
0.109079
0.016896
0.175742
0.164743
0.616195
0.175116
0.212084
0
0.118649
0.120422
0.637492
0
0.047636
0.096983
0.165569
0.151593
0.174219
0.109487
0.577169
0.110704
0.197169
0.134852
0.156817
0.003385
0
0.427828
0.100304
0.126431
0.483068
0.63746
0.144206
0.201551
0
0.186045
0.164817
0.352692
0
0
0.430692
0.777645
0.023659
0.064434
0.410548
0.066937
0.503917
0.539818
0.28062
0.015317
0.21204
0.097418
0.089686
0.100315
0.543375
0.061602
0.289757
0.36239
0
0.272893
0.367557
0.209937
0.133437
0.236419
0.06512
0.013324
0.519017
0.12367
0.126079
0.260747
0.522712
0.021455
0.185315
0.140549
0.262679
0.003739
0.011823
0.477149
0.214867
0.079375
0
0
0.447451
0.12598
0.141601
0.089597
0.057621
0.101309
0.007084
0.128946
0.142414
0.658741
0.18051
0
0.076984
0.31617
1
0.219759
0.111288
0.626006
0.111476
0.045829
0
0.185315
0.005379
0.096234
0.582911
0.634574
0.248215
0.047371
0.088508
0.037859
0.626994
0.441678
0.132071
0.421609
0.245148
0.249863
0.03522
0.468211
0.150403
0.158642
0.497756
0.061602
0.019398
0.359962
0.055642
0.048362
0.161548
0.074059
0.253694
0.186445
0.610188
0.19536
0.131613
0.969277
0.962818
0.36472
0.254274
0.148056
0.12757
0.252434
0.357119
0.542372
0.751515
0.358357
0.435081
0.047323
0.763793
0.577339
0.022122
0.196589
0.098689
0.075252
0.192683
0.162855
0.020566
0.108077
0.417836
0.144936
0.032523
0.537543
0.74302
0.700276
0.203575
0.240983
0.46675
0.574888
0.180354
0.065992
0.011456
0
0.038777
0.142877
0.01836
0.081642
0.028171
0.183516
0.134998
0.626994
0.301116
0.684974
0.003616
0.424775
0.296105
0.434334
0.415656
0.0147
0.00888
0.165251
0.078626
0.191139
0.75803
0.071484
0.626994
0.048029
0
0.018587
0
0.307085
0.617903
0.221859
0.239729
0.230667
0.168816
0.027458
0.061208
0.026371
0.026369
0.174219
0.279338
0.172524
0.382605
0.700822
0.008673
0.186962
0.07766
0.474586
0
0.318431
0.052931
0.261595
0.041679
0.259776
0.679117
0.320647
0.080099
0.031585
0.078492
0.014715
0.041246
0.179551
0.712491
0
0.017326
0.385468
0.085119
0.058123
0
0.23085
0.134478
0.67673
0.025345
0.258081
0.332484
0.547705
0.385228
0.061526
0.10748
0.10438
0.338467
0.033069
0.080123
0.559264
0.51794
0.191139
0.034374
0.023353
0.078014
0.065959
0
0.078388
0.162679
0.063015
0.668305
0.313141
0.050295
0.430927
0
0.153804
0.626994
0.096873
0.130276
0.604009
0.364779
0.488326
0.172132
0.387209
0.524854
0.179551
0.021005
0.03951
0.0595
0.412149
0.601045

0.039714
0
0.011999
0.113265
0.081083
0.467497
0.008636
0.689196
0.024387
0.174493
0.089388
0.169261
0.015084
0.312116
0.440144
0.555734
0.62332
0.660548
0.715716
0.548234
0.796214
0.223796
0.008098
0.132608
0.492848
0.592932
0.241936
0.013281
0.902393
0.477138
0
0.119114
0.889967
0.317041
0.054881
0
0.417292
0.119757
0.002021
0.276074
0
0.027421
0.350822
0.070707
0.297726
0.005776
0.12582
0.667861
0.135279
0.117416
0.004499
0.676406
0.173592
0.014359
0.143499
0
0.012146
0.046055
0.292091
0.002756
0.132506
0.223111
0
0.215093
0.099594
0.163203
0.297277
0
0.098276
0.161725
0
0.199254
0.007186
0.89724
0.329566
0.023458
0.160824
0.683887
0.576298
0.157854
0.059542
0.011163
0.024341
0
0.930483
0.179551
0.197701
0.247782
0.099435
0.189957
0.243626
0.052583
0.133212
0.023868
0.101486
0
0.566091
0.427065
0.47929
0.047135
0.199842
0.306204
0.242288
0.281369
0.375326
0.281369
0.095958
0
0.014998
0.159179
0.438081
0.040207
0.175533
0.020095
0.02211
0.181814
0.326853
0.171567
0.006869
0.297802
0.706136
0.179551
0.204032
0.050767
0.157985
0.072661
0.076666
0.77844
0.046203
0.583436
0.185315
0.341902
0.197876
0.509266
0.049698
0.122086
0.277813
0.359325
0.16408
0.092517
0.008324
0
0.649692
0.322431
0
0.167317
0.199225
0.58466
0.183629
0.087467
0.796352
0.925335
0.045046
0
0.011894
0.185315
0.611478
0.461986
0.077478
0.040006
0.188756
0
0.209937
0.006985
0.260981
0.183222
0.849114
0.01479
0.176042
0.023805
0.040753
0.093535
0
0
0.157975
0.06029
0.02642
0.122826
0.244064
0.253272
0.093217
0.227235
0
0.517781
0.22589
0.060077
0.148183
0.092792
0.138762
0.027815
0
0.131072
0.049197
0.201256
0.085673
0.201256
0.440976
0.190193
0.803858
0.042271
0.744347
0.613965
0.235068
0.2734
0.102675
0.159433
0.177521
0.012063
0.703447
0.220672

0.507938
0.115925
0.137387
0.060629
0
0.027398
0.247343
0.200769
0.231736
0.019107
0.761309
0.201256

0.015429
0.184756
0.205713
0.039854
0.148183
0.340336
0.875862
0
0.134409
0.124842
0
0.223086
0.797666
0.016958
0.039761
0
0.116668
0.105801
0.238799
0
0.597694
0.080908
0.394091
0.201256
0.146665
0.222797
0.161684
0.033855
0.430946
0.41449
0
0.046245
0.136555
0.15701
0.248888
0.127937
0
0.169105
0.484165
0.050448
0.179492
0.32946
0.19999
0.582964
0.174219
0.11615
0.000668
0.639079
0.042843
0.115292
0.094416
0.040127
0.397293
0.038062
0.039461
0.101844
0.178808
0.391412
0.195613
0.238978
0.018227
0.033794
0.735812
0.504372
0.56463
0.073441
0.207196
0.52393
0.199254
0.423858
0
0.225829
0.114989
0
0.102431
0.076752
0.263434
0.179551
0.113309
0.183818
0.054007
0.357973
0.067187
0.19859
0.042413
0.119194
0.206232
0.428257
0.127184
0.210646
0.011464
0.03382
0.299672
0.174511
0.212296
0.111894
0.139131
0.019389
0
0
0.087317
0.196727
0.513762
0
0.007561
0.049759
0
0.254814
0.207336
0.730135
0.194293
0.158378
0.511807
0
0.209674
0
0.196329
0.318074
0.174219
0.01924
0.032143
0.32529
0.09991
0.174219
0.406491
0.40758
0.101432
0.153881
0.77906
0.03631
0.315805
0.439051
0
0.003876
0.111517
0.181663
0.569548
0
0.049759
0.008162
0.550935
0.044896
0
0
0.541121
0.150117
0.027716
0.063254
0.179551
0.352227
0.136366
0.179551
0.046667
0.601307
0.090383
0
0.068462
0.053904
0.068257
0.168816
0.258599
0.003107
0.097516
0.178483
0.340295
0.044399
0.33623
0.086778
0.024053
0.614483
0.599079
0.076196
0.035736
0.158151
0.760601
0.509039
0.185315
0.152293
0.437525
0.03966
0.060915
0.425356
0.060915
0.343518
0.885024
0.040268
0.106452
0.034639
0.043415
0.188026
0.097126
0.17017
0.250446
0.031415
0.017768
0.196761
0.84192
0.004154
0
0.055212
0.532857
0.137152
0.254329
0.003232
0.363698
0
0.350182
0
0.858771
0.222797
0.010383
0.193869
0.35986
0.52689
0.396484
0.134855
0.090525
0.307057
0.809016
0.025548
0.047187
0.230376
0.069519
0.73366
0.191897
0.438357
0
0.020939
0.16625
0.202232
0.746021
0.179551
0.007917
0.107962
0.88634
0.156474
0.808865
0.384629
0.430221
0.145868
0.128946
0.023747
0
0.367265
0.125402
0.014408
0
0.51588
0.198047
0.37149
0.117779
0.172978
0.080272
0.597694
0.180041
0.458027
0.055165
0.273413
0.278372
0.436629
0.085581
0.183709
0.009316
0.82142
0.519017
0.136229
0.013666
0.201551
0.114484
0.103224
0.632339
0.122883
0.156817
0.319992
0.041277
0.143195
0.282595
0.262441
0.023008
0
0.23648
0.182375
0.114657
0.588045
0.323903
0.907842
0
0.418825
0.164202
0.663702
0.009831
0.09361
0.017056
0.283627
0
0.276323
0.007041
0.072969
0.203019
0.479462
0.837036
0.629136
0.32442
0.018719
0.169129
0.731991
0.260838
0.05689
0.124224
0.150519
0.050234
0.139486
0.043454
0.447423
0.197343
0.13343
0.011871
0.059395
0
0.093103
0.023267
0.016172
0
0.855234
0.007244
0.573272
0.085857
0.042019
0.19546
0.598697
0.183276
0.400382
0.059201
0.191301
0.656565
0.203424
0.02316
0.476675
0.299861
0.490896
0.206843
0.007966
0.738146
0.450025
0.006
0.154883
0.195355
0.827179
0.073747
0.03786
0.345712
0.468928
0.041924
0.033955
0.158272
0.016506
0.011297
0.17105
0
0.132708
0.007282
0.711683
0.962653
0.174273
0.206909
0.660718
0.024687
0.211963
0.213516
0.00594
0.313503
0
0
0.062288
0.228487
0.075378
0.851304
0.741798
0.889315
0.07768
0
0
0.012613
0.537503
0.681381
0.699503
0
0.769235
0.907468
0.01548
0.09494
0.516036
0.715575
0.178674
0.693105
0
0
0
0
0.007781
0
0.107476
0.354884
0.095029
0.020216
0.005796
0.408403
0.672202
0
0.735987
0.100877
0.841251
0.175539
0.260495
0.851997
0.834926
0.098224
0.905762
0.179551
0.642673
0
0.017881
0.685536
0.098043
0.026962
0.634248
0.223468
0.004021
0.850258
0.909525
0.154776
0
0
0.654655
0
0.108827
0.116509
0.696606
0.708017
0.421911
0
0.22615
0.184756
0
0.860488
1
0.042856
0.498717
0.648316
0.648316
0.468177
0.091722
0.178475
0.906677
0
0.328931
0.866293
0.134739
0
0.176751
0.644289
0
0.038296
0.349799
0.274
0
0.790785
0.055247
0.04331
0.197086
0.33947
0.226574
0
0
0
0.263208
0
0.003433
0.775772
0
0.860488
0.835901
0.088375
0.023684
0.048029
0.848882
0
0.164486
0.474742
0.759183
0.795806
0.152889
0.01302
0.09361
0.582784
0.072677
0
0
0.019478
0.790842
0.005601
0.528572
0.894607
0.045259
0.459248
0.297865
0.167028
0.316054
0
0.843806
0.017981
0.234665
0.032774
0.671312
0.592742
0.074747
0.915789
0.084118
0.172417
0.227766
0
0.224663
0.075068
0.009025
0.438081
0.040845
0.0183
0.789483
0.280605
0.072449
0.082315
0.26129
0.347367
0.03426
0.857363
0.257424
0.925335
0
0.020102
0
0.101038
0.000746
0.042759
0.054658
0.673
0.330277
0.852923
0.097432
0.067976
0.191139
0.860488
0.306241
0.07091
0.063372
0.54357
0.24073
0.305175
0.056048
0.317286
0.202301
0.153963
0.572465
0.037272
0.179551
0.013821
0.454615
0
0.136849
0.54357
0
0.015188
0.256579
0.136849
0
0.058033
0.443387
0.141104
0.334966
0.036799
0.184774
0.134284
0.029824
0.046696
0.54357
0.092944
0.328504
0.772134
0.00928
0.025454
0
0.724508
0.648316
0.076277
0.017304
0.586814
0.212651
0.676875
0.747211
0.860488
0.162628
0.477464
0.087666
0
0
0
0.142405
0.142405
0.537503
0.840481
0.912102
0
0
0.020889
0.207281
0.259681
0.200882
0.860488
0.096895
0.663171
0.777711
0.656499
0
0.073478
0.274393
0.54357
0.171004
0.295909
0.85548
0
0.680115
0.008446
0.750394
0.063015
0.00524
0.185315
0.870814
0
0
0.105236
0.298792
0
0.86874
0.048084
0.031294
0.920499
0.40604
0.187154
0.008418
0.367367
0.001859
0.059634
0.259601
0.893687
0.157084
0.180627
0.200644
0.289297
0.080396
0.333878
0.017263
0.364738
0.244954
0.48496
0.977173
0.668305
0
0.006346
0.860488
0
0.03987
0
0.910086
0.058123
0.128273
0.695961
0.057279
0.939332
0.560884
0.972463
0.53751
0
0.110048
0.386512
0.128228
0.012978
0.135329
0.103224
0.091841
0.096234
0.553409
0.006453
0.455809
0.931167
0.128988
0.019356
0.25215
0.180138
0.006649
0.366765
0.373013
0.161336
0.015389
0.158506
0
0.243944
0.06243
0.016934
0.109177
0.002655
0
0.088717
0
0.977094
0.087671
0.024938
0.434693
0.174219
0
0
0
0.180446
0.924361
0.865362
0.518996
0
0.5053
0.075378
0.012852
0
0.030667
0.529892
0.67673
0.795731
0.005917
0.053696
0.652921
0.12991
0.007852
0.178135
0.191593
0.007376
0.226838
0
0.021412
0.088767
0.666754
0.444828
0
0.311418
0.740551
0
0.056779
0.285857
0.275843
0.072893
0.054535
0.880435
0.323118
0.498542
0.220309
0.379377
0.126792
0.210071
0
0.326259
0.860488
0.48173
0
0.154508
0.849899
0.321145
0.089409
0.876301
0.925458
0.450335
0
0.001411
0
0.861871
0.908068
0.012534
0.329777
0.002475
0
0.182361
0.266443
0.224851
0.008017
0.096234
0.023889
0.222898
0.071402
0.0823
0.575786
0.125665
0.891232
0
0.144775
0.260495
0
0.121831
0.867279
0
0.186877
0.724399
0.017304
0.185315
0.009749
0.459965
0.069241
0.900052
0.43935
0.083244
0.690037
0.215257
0.344303
0.67673
0
0.090568
0.349839
0.0276
0.226112
0.337917
0.691439
0.137815
0.061665
0.219682
0
0
0
0
0.200418
0.179551
0.394468
0.041809
0.390805
0.096457
0.086474
0.178093
0.078715
0.373865
0.075252
0.018415
0.118229
0.418825
0.124952
0
0.340803
0.126609
0.013273
0.058573
0.363762

0.179551
0.01787
0.052113
0.045874
0.530856
0
0.604361
0.443406
0.951715
0
0.189944
0.117008
0.186411
0.085694
0.048583
0.772617
0.048029
0.573601
0
0.096922
0.323179
0.012957
0.064115
0.610188
0.716692
0.111219
0
0.097523
0.821946
0.083496
0.978469
0.096234
0.653746
0.186074
0.141514
0.122834
0.022281
0.032819
0.132415
0.455268
0.176792
0.424966
0.179551
0.216157
0.859134
0.033244
0.290301
0.614912
0.707784
0.565318
0.015079
0.312975
0.151787
0
0.977212

0.977349
0.008159
0.195361
0
0.860488
0.010115
0.517271
0.496468
0.017108
0.221401
0.098364
0
0.066188
0.01416
0.169065
0.11489
0
0.090932
0.666294
0.915803
0.153061
0.265603
0.13287
0.152849
0.019165
0.157258
0.177209
0.646234
0.340999
0.85633
0.21483
0.081961
0.018435
0.164888
0.051236
0.182164
0.083225
0.668305
1
0.312298
0.340803
0
0.54357
0.04581
0.11535
0.067079
0.103759
0.228355
0.217368
0.880435
0.085761
0.179125
0.821034
0.799482
0.249035
0.129427
0.717181
0.797536
0.313503
0.866999
0.04034
0
0.070629
0.88147
0
0.170646
0.027808
0.54357
0
0.090281
0.142414
0.914142
0.867298
0.045243
0.155869
0
0.163354
0.412965
0.073903
0.069783
0.963802
0.968431
0.145641
0
0.038636
0.389681
0.562784
1
0
0.0701
0
0.267276
0.179551
0.09558
0.108827
0.142405
0.45671
0.217466
0.886222
0.076878
0.810213
0.213932
0.847647
0.126017
0.311956
0.859134
0.788095
0.179551
0.960898
0.553638
0.163395
0
0.16159
0.187895
0
0.016851
0.051957
0.093554
0.001687
0.906024
0.769744
0.152449
0.044892
0.925335
0.184505
0.817487
0.620682
0.257467
0.160926
0
0.857453
0.081832
0.748473
0.85548
0.006823
0
0.048897
0.205109
0.047133
0.4902
0.155879
0.499483
0.082228
0.003951
0.265135
0.663531
0
0.065272
0.006025
0.959928
0.693354
0.002571
0.837756
0
0.121821
0.721224
0.002475
0.134409
0.01072
0.160313
0.605542
0.873835
0.86954
0
0.868504
0.642673
0
0
0
0.072854
0
0
0.720051
0
0
0.018684
0.149143
0.018613
0.172718
0.238835
0.233225
0.016031
0
0.212352
0.30281
0
0.028703
0.136928
0.082891
0.924062
0.635311
0.012134
0.192729
0
0.658797
0
0.108602
0
0.077834
0.386519
0.753347
0.033953
0.69881
0.170734
0.308283
0
0.125439
0.045363
0.003088
0.013934
0.745501
0.955102
0.048396
0.319232
0.238945
0
0.042643
0
0.330943
0.039284
0.021731
0.077273
0.003379
0.154592
0.155305
0
0.118095
0
0.103054
0.233452
0.279309
0.140448
0.171971
0.089151
0
0.017462
0.11367
0.313279
0.295069
0
0.156255
0.074657
0.111725
0.179844
0.07768
0
0.860488
0.249239
0.55264
0.016178
0.20045
0.054795
0.277707
0.161828
0.06064
0.132971
0.815862
0.24879
0.69333
0
0
0.181204
0.90252
0.111933
0
0
0.166426
0.968246
0
0.003521
0.185315
0.024554
0
0.09437
0.172524
0.898478
0.326461
0.007529
0.352203
0.153469
0.834364
0
0.250814
0.003076
0.024136
0.475485
0.787183
0
0.007861
0
0
0.111794
0
0.033953
0.44104
0.411291
0.192498
0.014964
0.059388
0.134833
0.092147
0.118866
0.772048
0.101535
0
0.160864
0.105612
0.167928
0
0.208188
0.045866
0.030948
0.010494
0.332058
0.058495
0.059387
0
0.060314
0.492692
0.130662
0.171723
0.087589
0.043399
0
0.050971
0.029199
0.168747
0.280697
0.063966
0.094354
0.147854
0.289509
0.02672
0.164038
0.005269
0.014011
0.287221
0
0.347661
0.01311
0.058135
0
0.211696
0.021188
0.075422
0.277214
0.100688
0.089431
0.09536
0.076885
0.178681
0.85548
0
0.014076
0
0.019405
0.035579
0.200173
0
0.198849
0.23254
0.023172
0.654055
0.180288
0.171352
0.207587
0.189009
0.127539
0.680519
0.038389
0.179551
0.066848
0.123217
0
0.513649
0.055344
0.06895
0.148361
0.435185
0.393234
0.015733
0.051234
0.47586
0.01005
0.007993
0
0.121565
0.008376
0.014565
0.560724
0.173868
0.078917
0.026121
0.522534
0.04653
0
0.011725
0
0.067922
0.575695
0.095272
0.022198
0.079867
0.86431
0.065216
0.036182
0.067828
0.455084
0.0187
0.040009
0.627216
0.34198
0
0
0.19443
0.0128
0.119767
0.197002
0.001862
0.451359
0.05923
0.056136
0.009282
0.084472
0.101269
0.498526
0.018698
0
0.008698
0.011226
0
0.023902
0.148081
0.018659
0.039
0.130939
0
0.029089
0.043631
0.657402
0.175459
0.009318
0.283691
0.092604
0.473681
0.015166
0.473096
0.119985
0.36239
0.02377
0.287661
0.240934
0.02919
0.010713
0
0.042727
0
0.214944
0.029809
0.207192
0.00686
0
0
0.404884
0.08873
0.153545
0.015467
0.098253
0.035687
0.154216
0.039647
0.10813
0.052402
0.178284
0.015764
0.01975
0.274592
0.015916
0.102504
0.003155
0.19536
0
0.240563
0.556218
0.049178
0.029447
0.006565
0.207827
0.047006
0.080743
0.06043
0.143687
0
0.173955
0.547268
0.121755
0.171335
0
0.92833
0
0.355184
0.009565
0.033681
0.036431
0.028585
0.559138
0.013533
0.069503
0
0.033819
0.027344
0
0.353858
0.02286
0.359325
0.260738
0.020634
0.684862
0.021029
0
0.232944
0.019676
0.214689
0
0.292882
0.048679
0.046878
0.083535
0.528926
0.024331
0
0.015431
0.062599
0.025455
0
0.247132
0.115292
0.039608
0.7644
0.065657
0.011652
0.025223
0.002421
0.179551
0.123468
0.015849
0.030064
0.138511
0.623887
0.083361
0.033321
0.171626
0.799036
0
0.021037
0.262252
0.182263
0.011988
0.313343
0.00901
0.216473
0.156776
0.024238
0.023036
0
0.026751
0.021922
0.068645
0.028242
0.942191
0
0
0.009222
0.012829
0.497657
0
0.108239
0.021929
0.416408
0.074983
0.01083
0.036431
0.479018
0.341015
0.037883
0
0.021604
0.065422
0.124722
0.14348
0.040515
0.179551
0.049257
0.282585
0.068568
0.436328
0.478807
0.003492
0.138941
0.01512
0.026625
0
0.008791
0.019713
0.137874
0.192582
0.079502
0.140663
0.070861
0.047107
0
0.174219
0
0.369538
0.156315
0.164346
0.002544
0.070855
0.041222
0.121244
0.424278
0.007014
0.091975
0.13554
0.107919
0.0111
0.323036
0.012455
0
0.844892
0.646387
0.122831
0.004137
0.843993
0.038693
0.030085
0.023821
0.753032
0.024695
0
0
0.429563
0.248711
0
0.200724
0.004578
0.266359
0.00474
0.123481
0.259856
0.009106
0.015427
0.782246
0
0.041727
0.16851
0.035413
0.249478
0.019022
0.007917
0.11109
0.031614
0.170189
0.003366
0.02895
0.25603
0.009596
0.084694
0.398957
0.53826
0.474252
0
0.630012
0.008958
0.142528
0.009677
0.024178
0.382707
0.297475
0.007165
0.0103
0.178873
0.308432
0.646201
0.012059
0.096696
0.471713
0.040429
0.118873
0.053803
0.021329

0.252706
0.347986
0.031295
0.048578
0.178922
0
0.09133
0.422984
0
0.038389
0.027908
0.023847
0.173245
0.544597
0.567148
0.011885
0.038548
0.139669
0.488682
0.009106
0.144831
0.261411
0
0.710308
0.313236
0.006024
0.138833
0.011974
0.082384
0.832463
0.49496
0.12522
0.015227
0
0.053575
0.044378
0.058135
0.233357
0.040508
0
0.68968
0.022399
0.017315
0.06387
0.538807
0.302815
0
0.031263
0.03073
0.014217
0.397858
0.020071
0.419404
0.007805
0.109921
0.038039
0.032119
0.007896
0.09361
0.077648
0.079335
0.016361
0.029346
0.033557
0.687616
0
0.392411
0.347967
0.401123
0.022734
0.001881
0
0.031973
0.0062
0.015668
0.201681
0.019523
0
0.742992
0.170657
0.016596
0.058421
0.104673
0.301777
0.071847
0.117213
0.703262
0.85548
0.194918
0.017356
0.054035
0.076634
0.029658
0.131813
0.345875
0.003141
0.453057
0.02503
0.032532
0
0.860488
0.880435
0.323644
0.147335
0.015887
0.007114
0
0.012705
0.009533
0.019694
0.730594
0.01981
0.266264
0
0.023241
0.028654
0
0.008062
0.035882
0.179551
0.021559
0.003509
0.101362
0.003479
0.098213
0.040539
0
0.102829
0.179551
0.185932
0.070096
0.031085
0.138716
0.001324
0.075307
0.221516
0.177707
0.008625
0.136906
0.354625
0
0.387469
0.00438
0.121031
0.085707
0.010029
0.0122
0.003108
0.433249
0.250201
0.051766
0.900011
0.061907
0.230232
0.067665
0.621918
0.095042
0
0.052527
0.002884
0.34329
0.05496
0.169557
0.197924
0
0.008136
0.012557
0.089662

0.08832
0.231274
0.224728
0.117861
0.046105
0.080404
0.193213
0.051181
0.006806
0.054286
0.128111
0.191834
0.111288
0.397732
0.397293
0.045022
0.397293
0.009365
0.395992
0.056084
0.212662
0.622424
0.934076
0.393922
0.033976
0.451886
0.065863
0.282317
0.025377
0.019107
0.034972
0
0.497083
0.068081
0.083503
0.34648
1
0.12755
0.003978
0.009019
0.907177
0.174572
0.042248
0.406844
0
0.699992
0.184709
0.379891
0.004528
0.180609
0.044883
0.033703
0.010369
0.005904
0.661467
0.005286
0.212727
0.235826
0.013602
0.596793
0.0211
0.601582
0.039871
0.083991
0.00548
0.179551
0
0.066954
0.048141
0.92007
0.889315
0.237642
0.058065
0.082118
0.057877
0.340794
0.032722
0.628646
0.150439
0.057979
0
0
0.179551
0.074737
0.054536
0.002261
0.014583
0.149309
0.160597
0.083333
0.039526
0
0.149496
0.437633
0.089388
0.195088
0
0.535322
0.189054
0.22009
0.134831
0.03426
0.050147
0.141808
0.184716
0.075408
0.240198
0.461853
0.304456
0.11401
0.224976
0.00803
0.034544
0.586179
0.025503
0.538749
0
0.292192
0.099986
0.239047
0.244507
0.279271
0.181969
0.091415
0.592317
0.125325
0.002051
0.160487
0.160597
0.630355
0.848484
0.683983
0
0.10985
0.156646
0.488572
0.194189
0
0.262153
0.144679
0.204756
0.39556
0
0.257452
0.121178
0.075401
0
0.043069
0.350809
0.363186
0.26536
0.236937
0.48318
0.123202
0.066563
0.166236
0
0.309152
0.184202
0.08338
0.24879
0.12853
0.185315
0.717479
0.06705
0.023616
0.007901
0.392702
0.344917
0.193472
0.174359
0.239047
0.006205
0.051295
0.480395
0.173115
0.174219
0
0.050391
0.628073
0.050655
0.169873
0.517056
0.149594
0.197871
0.368108
0.191139
0.015628
0.056157
0.214859
0.431587
0.461359
0.426851
0.043422
0.357381
0.656487
0.88769
0.573612
0.426092
0.626832
0.04961
0.416805
0.282559
0.295862
0.042522
0.133211
0.135673
0.033497
0.323623
0.92805
0.06529
0.736164
0.061889
0.018911
0.962671
0.077875
0.040711
0.001441
0.747373
0.115473
0.115085
0.056993
0.150671
0
0.072428
0.625928
0.511008
0.281889
0.692235
0.455268
0.288051
0
0.375502
0.114484
0.006649
0.053561
0.752237
0
0.225713
0.439595
0.164064
0.210796
0.179551
0.191139
0.164964
0
0.046154
0.056065
0.08308
0.414733
0.06674
0.248382
0.150835
0
0
0.223882
0.061903
0.191139
0.485431
0.002448
0.090625
0.083859
0.205949
0
0.588663
0.144598
0.313192
0.193869
0.061464
0.199194
0.379188
0.159977
0.880435
0.216415
0.053356
0.044494
0.030509
0.236437
0.032687
0.414733
0.32274
0.11374
0
0.069654
0.161026
0.179551
0.111418
0.015634
0.122689
0
0.234221
0.574888
0.239047
0.035621
0.603298
0.20596
0.108314
0.035621
0
0
0.075225
0.480469
0.596198
0.264942
0.137598
0.048439
0.255203
0.092967
0.24761
0.228196
0.013494
0.068922
0.151684
0.760841
0.262405
0.057942
0
0.315316
0.032127
0.188298
0.199488
0.162984
0.195744
0.699009
0.424701
0.642206
0.185315
0.216084
0.040775
0.526133
0.264311
0
0.179551
0.306163
0.083731
0.164365
0.052883
0.263739
0.013617
0.142819
0.07617
0.014087
0.064418
0.158275
0
0.01671
0.807335
0.140203
0.709329
0.948348
0.220866
0.278508
0
0.33586
0.064567
0.259797
0.078361
0.148864
0.082626
0.311418
0.629563
0.150863
0.203961
0
0.052726
0.668042
0.281367
0.175849
0.006549
0.520451
0.078183
0.093125
0.120964
0.682423
0.023688
0.669608
0.251621
0.533569
0.179551
0.03659
0.369405
0.2813
0.337257
0.138261
0.016637
0.205767
0.063468
0
0.430812
0
0.565318
0.155837
0
0.575786
0.092026
0.201901
0.087445
0.778574
0.159931
0.174219
0.492944
0.041782
0.197668
0.020474
0.095435
0.119602
0
0.02992
0.022604
0.492692
0.126782
0.307345
0.084768
0.174219
0.113526
0.207212
0.380311
0.266113
0.622601
0.032971
0.09958
0.583018
0.604829
0.02579
0.008648
0.709292
0.618018
0.145022
0.186009
0.060039
0.053561
0.411556
0.160864
0.010798
0.042358
0.820035
0.355517
0.100496
0.351587
0.681995
0.042735
0
0
0.383729
0.14188
0.607615
0
0.266989
0.8382
0.137291
0.102292
0.247018
0
0.256023
0.396987
0.035738
0.868504
0.037498
0.193257
0.026216
0.277363
0.047413
0.061989
0.293473
0.164057
0.01887
0
0.020307
0.168747
0.177775
0
0
0.42861
0.434059
0.498812
0.009019
0
0.368883
0.018459
0.399079
0.194918
0.210919
0.030501
0.820035
0.490434
0.210679
0.627103
0.177325
0.327557
0
0
0.158235
0
0
0.253811
0.270338
0.085774
0.027183
0.087809
0.228552
0.840333
0.318298
0.429905
0.464235
0.034113
0.024275
0.160864
0
0.106026
0.014987
0.116241
0.017486
0
0.108511
0.158713
0.053561
0.144009
0.507486
0.261539
0.154933
0.103224
0.261366
0.119558
0.563878
0.103224
0.029779
0.819733
0
0.029244
0.201641
0.014097
0.402842
0.179551
0.121798
0.088228
0.07808
0
0
0.050366
0.224219
0.280417
0.476903
0.081917
0.006649
0.003445
0.045565
0.506243
0.279619
0.819733
0.153854
0
0.1805
0.133791
0.192088
0.014002
0.043767
0.056534
0.56203
0.301198
0.082482
0.277409
0.144389
0.127127
0.143443
0.144598
0.2561
0.186976
0.182
0.370074
0
0.889361
0
0.692928
0.06307
0.1523
0.402005
0.127156
0.104915
0.087751
0.530078
0.074763
0.159505
0.148165
0.32593
0
0.344653
0.237884
0.01975
0.015613
0.13662
0.720165
0.117753
0.117073
0
0.069055
0.598737
0.007711
0.287198
0.585844
0.070237
0.572696
0.218095
0.091742
0.085708
0.279257
0.166257
0.166257
0.204862
0.097035
0.181181
0.052039
0.578786
0.077499
0.035101
0.101318
0.096234
0.156701
0
0.009087
0.023014
0.066154
0.064186
0.043411
0.102122
0.145361
0.114844
0.268236
0.154944
0.303488
0
0.263881
0.356557
0.004277
0.016692
0.22945
0.184966
0.244271
0.133884
0.032034
0.165793
0.160674
0.52237
0.040007
0.447141
0.160864
0.565457
0.362198
0.046122
0.008171
0
0.129155
0.316841
0.227315
0.045226
0.041222
0
0.061107
0.357024
0.014296
0.040314
0.088309
0.034823
0.056063
0.177266
0.439172
0.072446
0.106981
0
0
0.037121
0
0.113611
0
0.011073
0
0.464314
0.314811
0.605452
0.337457
0.0037
0.149334
0.516257
0.140509
0.179551
0
0.625089
0.403113
0.185315
0.088062
0.331996
0.061277
0.27813
0.128711
0.198883
0.224663
0.165939
0.011433
0.04702
0.083064
0.044028
0.419381
0.025905
0.078096
0.147906
0.51242
0.094621
0.162257
0.375037
0.244306
0.19902
0.094746
0.068984
0.092375
0.292977
0.335579

0.032048
0.340592
0.464015
0.127083
0
0.002231
0.385319
0.115416
0.048029
0.014147
0.019809
0
0.011356
0.071809
0.174219
0
0.100071
0.086984
0.080574
0.187642
0.174219
0.082474
0
0.34735
0
0.146383
0
0
0.068792
0.097924
0.365242
0.122871
0.026542
0.418439
0.459965
0
0.153204
0.103224
0
0.059157
0.004577
0.545274
0.695576
0.597977
0.091361
0.76277
0.480092
0.168942
0.829455
0.15964
0.033118
0
0.185315
0
0.087445
0.032449
0.0429
0.375917
0.465759
0.025707
0.228487
0.157677
0.007523
0.166868
0.344067
0.036207
0.344067
0.131414
0.02361
0.014629
0.54116
0
0.06917
0.097052
0.116696
0.248479
0.344067
0.059459
0.096234
0.002429
0.078644
0.078644
0.135469
0
0.065787
0.102342
0.015982
0.344067
0
0.019958
0.078644
0.091557
0.078644
0.520235
0.132997
0.027364
0.562175
0.532051
0.078644
0.018385
0
0.042054
0.117106
0.179551
0.056051
0.248021
0.027601
0.138228
0.344519
0.047144
0.016743
0.014698
0.058655
0.114667
0.217977
0.256274
0.06946
0.096234
0.081133
0.049759
0.699899
0.115703
0.051996
0.026168
0
0.085156
0
0.160597
0.488063
0.030374
0.006279
0.041371
0
0
0.12915
0.021571
0.150659
0.018017
0.205879
0
0.623794
0.936336
0.075806
0.064382
0.019918
0.135279
0.027149
0.078644
0
0.049759
0
0.085205
0.305655
0.044715
0.037419
0.26742
0.091557
0.065628
0.247959
0.129476
0.026851
0.461091
0.093711
0.072441
0.115458
0.423962
0.139038
0.003765
0.058405
0.028692
0.269798
0.091557
0.023763
0
0
0.337097
0.190484
0.117996
0.194385
0.02193
0.061274
0.171352
0.045589
0.181926
0.157933
0.051816
0.490681
0.042317
0.127658
0.036798
0.048077
0.022855
0.114914
0.178139
0.061274
0.082449
0
0.200445
0.094826
0.016775
0.125587
0.374254
0
0.174219
0.05561
0.071345
0.179551
0.042639
0.007253
0.025484
0.132081
0.195196
0
0.028286
0.284577
0.061274
0.104182
0.052767
0.350341
0.220559
0.061735
0.036798
0.832411
0.031193
0.179551
0.018101
0.019107
0
0.18267
0.154308
0.40628
0.060997
0.018851
0.812435
0.072176
0.039714
0.077577
0.023014
0.040071
0.036798
0.019107
0.317928
0.340647
0.221346
0.024156
0.025181
0.148863
0.152349
0.102781
0.061274
0
0.832204
0.179551
0.852923
0.018444
0.019089
0.019107
0.089009
0.036798
0.057198
0.30919
0.516912
0.062745
0.695072
0.03409
0.129937
0.223275
0.036798
0.715237
0.021001
0.02681
0.129522
0.173499
0.490549
0.692418
0
0.312204
0
0.00559
0.025677
0.038221
0.023628
0.0172
0.085819
0.053127
0.145904
0.193114
0.018708
0
0.073292
0
0
0.077883
0
0.037886
0.000451
0.021045
0
0.02344
0
0.08168
0.019107
0.017336
0.004509
0.139358
0.185315
0.115222
0.151539
0.019169
0.037464
0.026148
0.006709
0.043422
0
0
0.046498
0.271436
0.013435
0.050856
0.174219
0.015887
0
0.410492
0.021624
0
0.448845
0.034567
0.02012
0.182451
0.036844
0.027503
0.114317
0.019107
0.291062
0.019107
0.009459
0.10639
0.003823
0
0.079184
0.087205
0
0.171496
0.03365
0.011525
0
0.190063
0
0.044183
0.067059
0.018201
0.011015
0.001328
0
0.017371
0
0.018201
0.894787
0.056958
0.0221
0.029105
0.01224
0
0.359944
0.525869
0.157933
0.044705
0.19551
0.017908
0.158492
0.789763
0.184568
0.178139
0.024168
0
0.03383
0.039473
0.018444
0.029189
0.040189
0.069241
0.29169
0.001879
0.069241
0.055073
0
0.806692
0.048034
0.403761
0.035713
0.179551
0.142919
0.109965
0.019555
0.241695
0.13697
0.660548
0.708036
0.018679
0.038221
0.026163
0.018553
0.000858
0.020968
0.069241
0.031359
0
0.174219
0.077476
0.069241
0.092531
0.027895
0.005604
0.013434
0
0.172568
0.23671
0.20021
0.025484
0.174219
0
0.039183
0.029089
0.003656
0.000602
0.012098
0.179551
0.038811
0.011068
0.165991
0.031206
0.174219
0.066562
0.022493
0.019713
0.031852
0
0.064174
0.012741
0.891769
0.03302
0.035739
0.0122
0.100784
0.001179
0.091248
0.048112
0.139366
0.050942
0.043488
0.497306

0.066517
0.001834
0.243384
0.009789
0.139928
0.09361
0.678227
0.018808
0.149683
0
0
0.004241
0
0
0.391012
0.009332
0.159152
0.492692
0.046719
0.025886
0
0.018712
0.166868
0.115023
0.079308
0.018553
0.066896
0.098778
0.439614
0.052914
0.134877
0.179551
0.029792
0.854938
0.045507
0.098945
0.41639
0.003364
0.213315
0.213191
0.018553
0
0.094544
0.016527
0.174219
0.143708
0.051945
0.517002
0.153233
0.048776
0.202613
0.018529
0.879489
0
0.033037
0.004961
0
0.057937
0.00658
0.195031
0.480435
0.24159
0.03137
0.003944
0.166868
0.120013
0.351732
0.081972
0.197135
0.168972
0.578447
0.016934
0.387628
0
0.042971
0.023866
0
0
0.166508
0.365471
0
0.048765
0
0.001864
0.022199
0.082852
0.024508
0.359325
0.136615
0.043161
0.121558
0.033756
0.009087
0.096697
0
0.035693
0.414546
0.075806
0.046789
0.140623
0.08024
0.122232
0.031956
0
0.042107
0.007069
0.00347
0.166868
0.34648
0.007767
0.200953
0.036179
0
0.012923
0
0.005214
0.069378
0.076442
0.177149
0.129322
0.043703
0
0.000992
0.454258
0.846271
0.321198
0.259731
0.011525
0.087809
0.475283
0.036828
0.02884
0.699899
0.071877
0.200086
0.02236
0.06267
0.416085
0.337147
0.019486
0.949509
0.018712
0.844777
0.87648
0
0.033977
0.105217
0.326579
0.029985
0.096841
0.019641
0.001113
0.090312
0.676162
0.274246
0.174219
0.374903
0.179551
0.020485
0.143456
0
0.021741
0.094051
0.008001
0.283969
0.17735
0
0.433396
0.240291
0.019107
0.028559
0.035642
0.050787
0.489352
0.750114
0.003617
0.032539
0.113823
0.021862
0.018744
0.069106
0.04516
0.021412
0.091114
0.139495
0.043196
0.060772
0.022856
0.091219
0.018442
0.03895
0.001052
0.240441
0.015913
0.003448
0.000656
0.513962
0.034677
0.284579
0.186748
0.026668
1
0.014833
0.0282
0.57683
0.017457
0.234621
0.018038
0.502312
0
0.018648
0
0.00892
0.139222
0.037962
0.091947
0.013353
0.115601
0.516204
0.005796
0.196056
0.059846
0
0.006168
0.011233
0.126237
0.009438
0.042212
0.065729
0.134228
0.049466
0.006731
0
0.364103
0.023588
0.030658
0.010749
0
0.023692
0.716193
0.009094
0.371485
0
0.00968
0.081897
0.002745
0.110506
0.351769
0
0.042564
0.038923
0.030365
0.422105
0.011433
0.188453
0.009139
0.067824
0.206401
0.496116
0.426047
0.017693
0.042161
0.90252
0.009052
0.172434
0.001942
0.010865
0.014554
0.475006
0.002118
0.009205
0.010972
0
0.022414
0.014056
0.123546
0.137137
0.159262
0.074164
0.100533
0.003508
0.775265
0.019797
0
0
0.011169
0.047315
0.005358
0.071436
0.128225
0
0.008915
0.034384
0.179551
0
0.417889
0.040979
0.051236
0.077425
0.048059
0.064314
0.006103
0.011445
0.061847
0.089431
0.051239
0.056594
0.453756
0.013065
0.167133
0.020015
0.188452
0.267929
0.065369
0.002123
0.015122
0.027064
0.039812
0.168772
0.013473
0.533401
0.020634
0.055856
0
0
0.183039
0.34888
0.031066
0
0.073992
0.006392
0.243493
0.383912
0.009757
0.006524
0.157458
0.014909
0
0.037283
0
0.087025
0.027815
0.070794
0.048029
0.010061
0.022306
0.002503
0.008581
0
0.054588
0.097695
0.315583
0.185315
0.174219
0.058999
0
0
0.024665
0
0.609243
0
0.042364
0.064554
0.836521
0.077658
0
0.001501
0.004496
0
0.294271
0.150085
0.075243
0.004736
0.004791
0.09264
0.049759
0.076131
0.01422
0.007408
0.040119
0.057612
0.009229
0.066992
0.175034
0.002505
0
0.258589
0
0.073731
0.023639
0.02091
0.111994
0.005312
0.022402
0.041111
0.431528
0
0.101091
0.174219
0.009487
0.005615
0
0
0
0.008241
0.097211
0.126677
0.441398
0.007932
0.007799
0.00376
0.052783
0
0
0.103643
0
0.083681
0.178839
0
0
0
0.00559
0.009052
0.07125
0.053296
0.228434
0.018529
0.185315
0.03431
0.488572
0.077858
0.31833
0
0.063406
0.291865
0.248954
0.05939
0.049759
0.038077
0.535441
0.034953
0.083642
0.022415

0.293951
0.243448
0.121793
0.137699
0.013669
0.235752
0.043588
0.060725
0.181745
0.105846
0.015683
0.150179
0.304253
0.008358
0.079689
0.007113
0.027194
0.500445
0.461108
0.05939
0
0
0.049759
0.042112
0
0.021387
0.206241
0.168263	
0.093695
0.047556
0.72945
0.103303
0.108033
0.186318
0
0.009047
0
0.056278
0.161828
0.054535
0.061316
0.269404
0
0.191139
0.303141
0.161828
0.055204
0.015539
0.024479
0.021893
0.186651
0.147019
0.820089
0
0.417477
0.191162
0.161828
0.161828
0.077834
0
0.183501
0.161828
0.020311
0.056303
0.462053
0.515855
0.169261
0.092733
0.161828
0.569631
0.837373
0.043837
0.187676
0.099592
0.179617
0.11493
0.048029
0.025129
0.021862
0.162235
0.023849
0.051236
0.098083
0
0.030639
0.069999
0.041217
0.05939
0.008136
0.024488
0.159309
0.025285
0.027137
0.05939
0.174991
0.023008
0.029561
0.512819
0.064587
0.038638
0.17176
0.180357
0.034311
0
0.049759
0.010138
0.046091
0.257461
0.333987
0.049759
0.019597
0.027377
0.367074
0
0.267255
0
0.057254
0
0.053396
0.020331
0.179617
0.120583
0.158445
0.068277
0
0.18481
0.004102
0.018306
0.089452
0.108781
0.111494
0.57583
0.09532
0.045536
0
0.009572
0.095316
0.657798
0.003854
0.188997
0.535168
0.092967
0.042981
0.327123
0.023213
0.470054
0.03413
0.366305
0.529044
0.046994
0.006891
0.007041
0.235728
0.162362
0.196377
0.081593
0
0.155129
0.331757
0.048029
0.049759
0.065937
0
0.003635
0.025493
0.333992
0.200179
0.219109
0.053575
0.09366
0.048029
0.010655
0.097664
0.063657
0.60131
0.93221
0.046157
0.204672
0.084127
0.101169
0.036223
0.947328
0.143748
0.021622
0.099704
0.456639
0.823792
0.025148
0.007781
0
0.134661
0
0.492091
0.054788
0
0.122491
0.092875
0.880435
0.012437
0
0.11944
0.617752
0.266643
0.065156
0.03087
0.02193
0.416137
0.184361
0.096436
0.027334
0
0.879753
0.079482
0.004499
0.003467
0
0.327231
0.027831
0.208204
0.139216
0.174219
0.012669
0.069797
0.014282
0.331511
0.636712
0.464455
0.03127
0.057062
0
0.089191
0.044936
0.047267
0.00835
0.275714
0.02913

0.058579
0.020484
0.016558
0.259802
0.140182
0.488186
0.221005
0.019857
0.045259
0.168011
0.281726
0.015417
0.169261
0.041801
0.077654
0.015377
0.162131
0.030746
0
0.097529
0.0349
0.157097
0.032783
0.325774
0.023662
0.261158
0.168209
0.413691
0.115147
0.076451
0
0.026777
0
0.05899
0.150243
0.016349
0.148444
0.044812
0.014881
0.048029
0.028245
0.049759
0.044102
0.082188
0.079372
0.060021
0.02417
0.183062
0.127129
0.070011
0.222797
0.500674
0.119706
0.196005
0.320614
0.506565
0.109037
0
0.271436
0
0.384792
0.038148
0
0.089165
0.192107
0.26562
0
0
0.612758
0.025548
0.059536
0
0.049759
0.691822
0.235293
0.074541
0.053281
0.004902
0.322435
0.171405
0.177217
0.226672
0.049759
0.193736
0.046157
0.371858
0.010038
0.251963
0.030175
0.012839
0.159731
0.013714
0.090846
0.047833
0.558325
0.049759
0.157127
0.177343
0.513293
0.078577
0.06145
0
0.108033
0.008688
0.051121
0.061506
0
0.416158
0.262056
0.020484
0.31223
0.159766
0.016235
0.249925
0.130243
0.103811
0.011856
0.01782
0.049759
0.185315
0.036627
0.168602
0.090716
0.144235
0.540536
0.082004
0.027281
0.048362
0.506565
0.027556
0.035617
0.103224
0.225561
0.048029
0.057857
0.0119
0.192646
0.044382
0.911493
0.011203
0.221245
0.048029
0.048029
0.041424
0.161594
0.02105
0.09871
0.328343
0.009345
0.01752
0.306119
0
0.005524
0.052916
0.602471
0.101929
0
0.008324
0.031477
0.077834
0.008146
0.00692
0.03774
0.058975
0.034152
0.005931
0.03857
0.131638
0
0.009299
0.645322
0.076454
0.015861
0.021757
0.336474
0.032238
0.06687
0.113729
0.126191
0.01081
0.049759
0.032324
0.154776
0.039405
0.179447
0.043352
0.073991
0.185895
0.174152
0.012369
0.047341
0.014438
0.03943
0.458571
0.039624
0
0.049759
0.086543
0.351445
0.093181
0.067269
0.450673
0.018619
0.049759
0.05337
0.036472

0.060002
0.741064
0.720464
0.061292
0.252174
0.049759
0.043196
0.019695
0
0.156451
0.703168
0.083274
0.158771
0.297502
0
0.546594
0.038298
0.041966
0.202978
0.288051
0.087822
0.045226
0.680085
0.060592
0.41721
0
0.079335
0.493505
0.080472
0.065652
0.110747
0
0.072801
0.474583
0.044365
0.048029
0.00436
0.071526
0.026085
0.750923
0.013747
0
0
0.506243
0.049759
0.024072
0.350826
0.022583
0.360663
0.036346
0.775772
0.048029
0.007118
0.067415
0.34674
0.049759
0.048029
0.025189
0.045374
0.12584
0.055592
0.261543
0.053612
0.005663
0.051236
0.033429
0.041044
0.179551
0.470048
0.018134
0
0.004703
0.009442
0.317421
0.077206
0.231438
0.036449
0.051236
0.225734
0.071855
0.251658
0.073028
0.011871
0.137069
0.173517
0.036359
0.184171
0.041441
0.033436
0.049759
0.192394
0.654083
0.022855
0.028904
0.060998
0.109523
0.051227
0.049759
0.062806
0.243875
0.046143
0.029906
0.284288
0.066163
0.690128
0.264884
0.067616
0.021541
0.643634
0.070794
0
0.110847
0.029611
0.027321
0.079905
0.150221
0.048029
0.057173
0.038483
0.018857
0.492082
0.067346
0.351392
0.056415
0.017105
0.046994
0.075052
0.048029
0.051236
0.049759
0.073563
0.200194
0.097924
0.111517
0.048029
0.045831
0.07935
0
0.049759
0.049759
0.428183
0.107244
0.044569
0.023014
0
0.256023
0.077858
0.020956
0.276074
0.235074
0.029971
0
0.062336
0.045793
0.056811
0
0.027458
0.10907
0.0188
0.023014
0.041043
0.146963
0.082462
0.143158
0.38533
0.303941
0.056088
0.052537
0
0.007707
0.10607
0.010261
0
0.237963
0.010215
0.563146
0.148559
0
0.019857
0.040081
0.057686
0.015417
0.256381
0.002172
0.05939
0
0.162274
0.049759
0.020043
0.033391
0.048953
0.128115
0.040211
0.051236
0.102788
0.6688
0.008039
0.121297
0.031209
0.043781
0.045192
0.044561
0.097007
0.016941
0.778984
0.01342
0.141203
0.091975
0.012792
0.138507
0.062996
0.178191
0.549523
0
0.003677
0.027324
0.026821
0.034051
0.178139
0.023911
0.005358
0.008757
0.042338
0.011465
0.03464
0.020908
0.031307
0.048029
0.05939
0.071695
0.09177
0.064317
0.718442
0.289818
0.06402
0
0.028029
0.337728
0.022806
0.079202
0.086746
0.038298
0.049759
0.740551
0.020723
0.07906
0.012478
0.049759
0.060575
0
0.021379
0.136467
0.002877
0.049759
0.234054
0.070394
0.019579
0
0.048029
0.209152
0.148839
0.048029
0.151281
0.121992
0.18023
0.178344
0.010997
0.231714
0.02025
0.061463
0.008565
0.032756
0.164486
0.046304
0.215763
0.264433
0
0.023589
0.011594
0.00714
0.021379
0.104993
0.007188
0.000846
0.033012
0.062992
0.028274
0.063459
0.139726
0.197633
0.332914
0.072977
0.131204
0.252925
0.046291
0.049759
0.015479
0.891232
0.179551
0.438805
0.018429
0.168798
0.049759
0.069187
0
0.054011
0.166856
0.257452
0.034324
0.019289
0.056993
0.009851
0.294271
0.115712
0.018362
0.160653
0.103019
0.119831
0.174219
0.121116
0.013353
0.103224
0.223095
0.15015
0.11535
0.222014
0.168798
0.174219
0.099238
0.060577
0.083333
0.349825
0.103224
0.514305
0.002926
0.030403
0.119674
0.119994
0.103224
0.027668
0.258763
0.824866
0.017846
0.448508
0.045536
0.448508
0.071499
0.103224
0.054104
0.109548
0.09361
0.04238
0.033873
0.294271
0.073245
0.145352
0
0.174219
0.015596
0.058573
0.01493
0.174219
0.088063
0.201603
0.116465
0.050039
0.492755
0.286818
0.040441
0.294271
0.068702
0.127937
0
0.250188
0.665387
0.181969
0.179551
0.037804
0.326334
0.084582
0.012382
0.101397
0.091415
0.272274
0.233885
0.09361
0
0.555734
0.058305
0.304456
0.172866
0.108702
0.096172
0.133564
0.192498
0.29195
0.07527
0.091802
0.715237
0
0.179551
0.10607
0
0.108702
0.180656
0.064722
0.174219
0.10876
0.908591
0.103224
0.244131
0
0.52625
0.0959
0.34674
0.098931
0.304456
0.174219
0.103326
0.106981
0.050493
0.20748
0.034348
0.394595
0.661269
0.235945
0.280836
0.151539
0.160566
0.411556
0.345834
0
0.099348
0.051694
0.087188
0.404817
0.048029
0.40338
0.007041
0.056944
0.287717
0.23974
0.248375
0.193298
0.243821
0.096172
0.233396
0.233225
0.042947
0.195359
0.159445
0.081413
0
0.179551
0.163237
0.079629
0.031199
0.131999
0.205641
0.106912
0.057639
0.419373
0.425743
0.072801
0.031199
0.131991
0.085114
0.029105
0.064318
0.150122
0.03514
0.217212
0.233878
0.103224
0.011519
0
0.183723
0.312715
0.09361
0.09361
0.338532
0.146775
0.146775
0.190668
0.031585
0.192993
0.173707
0.103241
0.207759
0.031585
0.037125
0.091415
0.174219
0.144443
0.09361
0.384863
0.339737
0.043287
0.116944
0.093887
0.423977
0.17644
0.174219
0.554063
0
0.081593
0.484063
0.160546
0.033986
0.602719
0.244347
0.103224
0.151539
0.023866
0.176448
0.096807
0.093824
0.108121
0.056948
0.053281
0.180624
0.2566
0.09361
0.098746
0.201265
0.221789
0.056539
0.069535
0.370323
0.13457
0.023866
0.162876
0.080969
0.257763
0.003492
0.316393
0.072317
0
0.411418
0.088489
0.045583
0.012704
0.128412
0.113279
0.044692
0.133006
0.101929
0.179166
0
0.158114
0.034117
0.136411
0.100812
0.09361
0.014723
0.043905
0.080947
0.141683
0.155562
0.406491
0
0.008033
0.402742
0.174219
0.308403
0
0.035893
0
0.09361
0.089557
0.337898
0.032942
0.459891
0.087669
0.148598
0.04008
0.25777
0.462339
0.304916
0.029472
0.184318
0.158114
0.088731
0.05698
0.10876
0.489897
0.179551
0.110997
0.054757
0.082035
0.042345
0.215258
0.080801
0.438805
0
0
0.121061
0.438805
0.070609
0.676516
0.152849
0.091778
0.158114
0.069552
0
0.432562
0
0.126083
0
0.198039
1
0.174219
0.041294
0
0.083939
0.177659
0.161115
0.09361
0.101397
0
0.09361
0.004703
0.174219
0.141691
0.438805
0.065214
0.17477
0.048112
0.041108
0.083499
0.403469
0
0.680794
0.384566
0.103295
0.117411
0.071836
0.109214
0.098799
0.141309
0.103224
0.228764
0.498611
0.174366
0.295059
0.046678
0.165907
0.052508
0.174219
0.222797
0.043697
0
0.207315
0.139792
0.069006
0.225549
0.35993
0.174219
0.05434
0.132611
0.278953
0
0.061277
0.013832
0.029472
0.320614
0.454252
0.314421
0.185315
0.219541
0.102431
0.174219
0
0.085774
0.179551
0.143195
0.140295
0.066812
0.155879
0.219541
0.563559
0.06065
0.079232
0.139222
0.119744
0.083878
0.155182
0
0.219541
0.177493
0
0.143001
0.164096
0.051814
0.163655
0.183798
0
0.514548
0.041485
0.070394
0.055841
0.050117
0.409295
0.103224
0.103224
0.102033
0.500725
0.049759
0.21003
0
0.015501
0.409295
0.192554
0.187762
0.227864
0.721866
0
0.179551
0
0.06954
0.120333
0.104763
0.105406
0.103224
0.271931
0.263401
0.335368
0.056682
0.415656
0.028274
0.043567
0.048185
0.125744
0.326158
0.116758
0.0823
0.107377
0.117098
0.024419
0.225015
0.357052
0.109377
0.15938
0.102239
0.101239
0.139222
0.125719
0.018442
0.065223
0.100477
0.515755
0.332484
0.139222
0.221005
0.068391
0.132012
0.399079
0.303131
0.276762
0.186136
0.073865
0.13177
0.246166
0.056881
0.10786
0.090532
0.15938
0.45593
0.091415
0.56119
0.177659
0.761309
0.093737
0.097035
0.515755
0.107686
0.056088
0.703097
0.174219
0.038661
0.138078
0.616845
0.103224
0.021233
0.11535
0.114399
0.52808
0.174951
0.187283
0.455115
0.323802
0.174219
0.079966
0.129374
0.173736
0.265825
0.037503
0.027945
0.110218
0.03396
0.051777
0.211655
0.196805
0.106981
0.029822
0.227038
0.001592
0.492692
0.179551
0.279597
0.087899
0.228635
0.121755
0.094244
0.018926
0.149272
0.157976
0.100474
0.005777
0.062312
0.171352
0.119349
0.271566
0.02945
0.499483
0.361689
0.103293
0.193523

0.57233
0.122883
0.338528
0.515755
0
0.032991
0.251867
0.064869
0.289689
0.374003
0.428509
0.522484
0.114484
0.119831
0.224703
0.300482
0.005085
0.09361
0.083333
0.180567
0.091415
0.044118
0
0.880435
0.243773
0.00372
0.365471
0.09361
0.152424
0.005074
0
0.106981
0.112245
0.094528
0.176049
0.077273
0.009047
0.057736
0.181621
0.041477
0.138404
0.327223
0.337419
0.288033
0.166808
0.042044
0.048029
0.216234
0.575272
0.066041
0.34674

0.143396
0.072254
0.880435
0.065668
0.626262
0.166868
0.10435
0.775248
0.253825
0.053159
0.281185
0.056766
0.099559
0.374003
0.104678
0.041686
0.378779
0.047482
0.063727
0.05613
0.387659
0.095235
0.177493
0.254511
0.221346
0.176959
0.333341
0.09361
0.165991
0.114484
0.529737
0.132636
0
0.019547
0.014718
0.005498
0.00887
0.048029
0.003256
0.006649
0.105646
0.103407
0.006806
0.004268
0.004563
0.541327
0.02844
0.017681
0.167705
0.247353
0.00506
0.005373
0.163435
0.552094
0.014884
0.125935
0
0.115008
0.007092
0.535235
0.021157
0.016568
0.225127
0.011002
0.02555
0.005717
0.009733
0.006494
0.006649
0.072861
0.021076
0.023187
0.027194
0.112245
0.647356
0.008702
0.038389
0
0.061279
0.019281
0.005939
0.415321
0.171352
0.007001
0.005494
0.012215
0.003781
0.001225
0.062956
0.228699
0.0369
0.008143
0.00711
0.131088
0.027294
0.367712
0.182263
0.456864
0.113467
0.183307
0.051609
0.11101
0.041772
0.252044
0.013299
0.595844
0.007809
0.006649
0.509039
0.136596
0.332544
0.174219
0.004005
0.005776
0.016089
0.179551
0.0465
0.017949
0.000795
0.064154
0
0.237369
0.002842
0.01223
0.768163
0
0.105028
0.003927
0.02473
0.011705
0.019993
0
0.221162
0.007867
0.018609
0.272055
0.011277
0.00218
0.128612
0.140491
0.006806
0.015548
0.005776
0.179551
0.012609
0.003562
0.013186
0.126924
0.538675
0.279197
0.868363
0.002582
0.037386
0.001674
0.001741
0.005527
0.009064
0.069148
0.001612
0.210141
0.097121
0.006836
0.514511
0
0.452873
0.012562
0.094491
0.01068
0.004894
0.020514
0.050195
0.044109
0.006471
0.021071
0.009014
0.123052
0
0.01872
0.093143
0.005375
0.032545
0.060639
0.006514
0.005275
0.153908
0.008735
0.005409
0.006649
0
0.011705
0.043772
0.422787
0.010682
0.007622
0.008221
0.004563
0.048395
0.005137
0.005654
0.01097
0.100328
0.047829
0.008121
0.011277
0
0.003466
0
0.093322
0.008089
0
0.010254
0.003404
0.040233
0.009064
0.003228

0.006544
0.037328
0.014255
0.037473
0.017337
0.00425
0.005832
0.032017
0.388703
0.005719
0.293119
0.006806
0.006806
0.006649
0.01585
0.006771
0.015458
0.011705
0.013008
0.016252
0.028609
0.016871
0.003356
0.010801
0.005322
0.004268
0
0.006806
0.003273
0.005776
0.006806
0.016538
0.013873
0.018066
0.006806
0.005655
0.14684
0.191581
0.006649
0.015296
0.042777
0.550546
0.005776
0.016803
0.004544
0.024335
0.006523
0.01022
0.039811
0.671618
0.018989
0.011216
0.003013
0.023772
0.041365
0
0.001348
0.008072
0.082
0.040441
0
0
0.005776
0.003086
0.003781
0.031735
0.009
0.003384
0.016763
0.394254
0.005776
0.017048
0.018399
0.040663
0.003844
0.022387
0.248191
0.003363
0.064594
0.003753
0.123173
0.002388
0.018316
0.03023
0.016917
0.010057
0.006499
0.008983
0.003375
0.015156
0.005939
0.009974
0
0.02122
0.013991
0.10907
0.012853
0.060247
0.228136
0.159306
0.004397
0.475686
0.017627
0.011725
0.006553
0.005527
0.01516
0.002734
0.039712
0.005776
0.008742
0.842751
0.004059
0.051236
0.006809
0.013286
0.649029
0.253129
0.012108
0.004268
0.001943
0.018712
0.0183
0.11427
0.013573
0.18677
0.090933
0.0519
0.727581
0.008172
0.042423
0.003175
0.150065
0.006975
0.102652
0.0183
0.012649
0.010953
0.486413
0.011865
0.019779
0.151539
0.02374
0.13289
0.078888
0.018712
0.150478
0.177746
0.049114
0.056371
0.02102
0.160493
0.006704
0.423674
0.219638
0.717825
0.200953
0.057032
0.915575
0.778574
0.801272
0.016269
0.00584
0.141949
0.029088
0.001329
0.019928
0.016767
0.03502
0.067381
0.080203
0.042064
0.192731
0.055921
0.035847
0.040313
0.183167
0.0183
0.001616
0.001408
0.026979
0.532811
0.044137
0.038174
0.013949
0.018712
0.400262
0.014739
0.031872
0.120623
0.008682
0.242923
0.580176
0.021004
0.018678
0.147887
0.434804
0.026874
0.152096
0.007214
0.018712
0.060489
0.193213
0.017121
0.05646
0.007714
0.442229
0.018594
0.415114
0.0144
0.013127
0.014347
0.003089
0.024763
0.664188
0.013499
0.009371
0.024379
0.028631
0.018712
0.584823
0.019903
0.062258
0.023352
0.027975
0.017685
0.033445
0.012682
0.044227
0.030534
0.011493
0.007301
0.005492
0.045153
0.033756
0.177254
0.018712
0
0.008199
0.013766
0.041564
0.02406
0
0.019167
0.000992
0.052655
0.030976
0.183245
0.010069
0.035918
0.140108
0.045625
0.022038
0.379675
0.326285
0.034649
0.089989
0.046727
0.018392
0.092297
0.091091
0.231483
0.28625
0.261259
0.208943
0
0.939417
0.214775
0.394961
0.893145
0.024842
0.014213
0.052058
0.816657
0.186114
0.018178
0.083297
0.110894
0.013413
0.880435
0.402088
0.132603
0.174219
0.07249
0.007841
0.225127
0.297792
0.309507
0.35292
0.076538
0.023007
0.402088
0.436718
0.180438
0.024027
0.169127
0.174219
0.024931
0.4752
0.034808
0.10593
0.179551
0.07146
0.068277
0.01081
0.132012
0.027316
0.019617
0.007819
0.140844
0.180955
0.132603
0.017694
0.132603
0.185315
0.599671
0.309507
0.289954
0.179551
0
0.439479
0
0.402088
0
0.11103
0.080112
0.281884
0
0
0.075733
0.117393
0.271811
0.05939
0.402088
0.03056
0.893145
0.156318
0.061989
0.018472
0.120637
0.242753
0.431952
0.132177
0
0
0.174219
0.223384
0.181543
0.402088
0.071399
0.132603
0.347149
0.893145
0.145051
0.441449
0.074286
0.402088
0.225299
0.402088
0
0.296921
0.106649
0.081609
0.011421
0
0
0
0.019227
0.087241
0.130925
0.174219
0.049759
0.209431
0.12857
0.14763
0.149049
0.607526
0.179551
0.279045
0.203975
0.004408
0.023219
0.132688
0.015716
0.16871
0.493003
0.200644
0.020217
0.127162
0.100746
0.005173
0.230832
0.049534
0.108995
0
0.252421
0.140448
0.115875
0.049069
0.377984
0.098108
0.217964
0.088862
0.387344
0.062465
0.9004
0.179551
0.156546
0.174493
0.090467
0.618736
0.051293
0.185315
0.165991
0.132781
0.25993
0.111858
0.136367
0.080901
0.174493
0
0.029988
0.175533
0.295181
0.152065
0.395799
0.024958
0.177848
0.132379

0
0.052582
0.107411
0.303009
0.033075
0.57011
0.052918
0.713316
0.425895
0.373302
0.127162
0.174219
0.107754
0.606406
0.322782
0.402237
0.087528
0.595988
0.051037
0
0.717061
0
0.158114
0.158114
0
0.464455
0.092222
0.083258
0.210629
0.251126
0.17422
0.174219
0.160715
0.063617
0
0.179551
0.177659
0.242129
0.054351
0.662471
0.118932
0.169129
0.165991
0
0.064097
0
0
0.069729
0.165991
0.118849
0.237433
0.010405
0.16309
0.298228
0.315271
0
0.185315
0
0.174219
0.048029
0
0.16309
0.086109
0.160313
0.059363
0.849899
0.087088
0.089533
0.032218
0.20661
0.022576
0.236988
0.340567
0.073146
0.034185
0.482072
0.185882
0.054797
0.108415
0.306722
0.172807
0.022995
0.175595
0.20748
0.151931
0.02884
0.642857
0.032229
0.09287
0.383662
0
0.239156
0.270373
0.064791
0.269556
0.172213
0.020172
0.023173
0.168295
0.176029
0.406672
0.036672
0.006461
0.009596
0.335101
0.027339
0.62127
0.009959
0.174219
0.184542
0.162664
0.040719
0.125715
0.16474
0.007805
0.121977
0.10982
0.17533
0.315944
0.360663
0.168173
0
0.007197
0.179551
0.16309
0.155716
0.104136
0.018823
0.094479
0.171508
0.008858
0.216133
0.623667
0.667378
0.221326
0.066305
0.565211
0.144819
0.102899
0.174219
0.025248
0.092528
0.517589
0
0.159865