0
0.612302
0.027647
0.222458
0.290168
0.215283
0.242794
0
0.16408
0.04467
0.036301
0.87135
0.227484
0.783919
0.039591
0.151545
0.046258
0
0.383311
0.188869
0.476069
0.169472
0.155522
0.295757
0.048568
0
0.007947
0.34373
0.096267
0.37371
0.30483
0.620041
0
0.096751
0.720007
0.789568
0.178265
0.00383
0.017461
0.291778
0.151545
0.04125
0.391754
0.333469
0.755359
0.757937
0.120693
0
0.075031
0.065429
0.135943
0.166119
0.002478
0.286157
0.216069
0.151545
0.73819
0
0.535243
0.090137
0.331866
0.302167
0.545171
0.655283
0.862998
0.088131
0.293197
0.217716
0.242519
0.119851
0.532141
0.070177
0.536539
0.238513
0.144548
0.375713
0.671235
0.840838
0.544155
0.147945
0.437745
0.227008
0.67781
0.249045
0.052959
0.191097
0.440026
0
0.193673
0
0.299977
0.314681
0.175911
0.1575
0.368433
0.109738
0.310414
0.094006
0.204104
0.230538
0.391456
0.423107
0.089043
0.444039
0.790976
0
0.343533
0.375214
0.397912
0.139882
0
0.248807
0.588675
0.21559
0.007156
0.250636
0
0.097929
0.291143
0.052541
0.785647
0.405272
0.347695
0
0.151903
0.145264
0
0.225981
0.445541
0.233912
0.788519
0.604338
0
0.235499
0.146753
0.355013
0.221373
0.504451
0
0
0.35907
0.179435
0.612781
0.163101
0.328998
0.454369
0.263393
0.142002
0.26523
0.037683
0.201327
0.070377
0.302069
0.671595
0.410782
0.157486
0.287463
0.096209
0.132252
0.327488
0
0.031096
0.158884
0.041456
0
0.276861
0.408144
0.197542
0.066752
0.151545
0.336305
0.059602
0.566423
0.250638
0.087424
0.221832
0.330439
0
0.121707
0.400027
0.425902
0.162138
0.161783
0.39033
0.285247
0
0.148358
0.094032
0.119373
0
0
0.079659
0.030023
0.440026
0.093601
0.067573
0.818706
0.1053
0.044374
0.044232
0.546189
0.248795
0.504309
0.238437
0.096756
0.220787
0.346159
0.293243
0.263063
0
0.543314
0.291153
0.205584
0.544268
0.418615
0.316401
0.684853
0.158246
0.468893
0.466265
0.520776
0.196611
0.056447
0.144548
0.098343
0.248461
0.236053
0.53193
0.201127
0.136504
0.172569
0.647059
0
0.165276
0.211035
0.241269
0.14436
0.45557
0.35026
0.205998
0.216155
0.230689
0.084322
0.328032
0
0.451811
0.387374
0
0.303095
0.329792
0.083808
0.145981
0.264723
0
0.144548
0.64359
0.539196
0.080287
0.117738
0.375103
0.823458
0.485546
0.338293
0.088758
0.057244
0.246987
0.0636
0.142051
0.413768
0.148533
0.115953
0.276799
0.200032
0.129092
0.346159
0.685969
0.208088
0.017103
0.249164
0.257098
0.216001
0.211374
0.163046
0.157575
0.197663
0.306244
0.013693
0.005947
0.054875
0.20182
0.669795
0.163153
0.24138
0.202015
0.348041
0.054773
0.326354
0.297363
0.761186
0.062586
0.245392
0.051249
0.340803
0.044884
0.220909
0.250686
0.59276
0.820134
0.272623
0.138779
0.15892
0.194521
0.224305
0.075126
0.135885
0.434897
0.276693
0.209731
0.233404
0.263606
0.565975
0.809233
0
0.134176
0.231966
0.178677
0.418925
0.409078
0.091022
0.317198
0.088758
0.209564
0.109342
0.747939
0.210796
0.122588
0.257706
0.142845
0.281386
0.575509
0.067304
0.248321
0.141719
0.019238
0.215603
0.088758
0.863962
0.788519
0.676733
0
0.243697
0.09581
0.117611
0.132728
0.277121
0.189402
0.364064
0.118564
0.299156
0.0453
0.151545
0.216069
0.152299
0.203036
0.197108
0.556452
0.510329
0.350735
0.197146
0
0.216503
0.615444
0.184446
0.848439
0.22021
0.139584
0.063815
0.657086
0.128121
0.519807
0.634738
0.048385
0.148831
0.217628
0
0.564037
0.14659
0.234305
0.141688
0
0.687555
0.41665
0.017619
0.039286
0.574215
0.10906
0.055186
0.329901
0.180463
0.381045
0.016062
0.261125
0.148221
0.269109
0.13451
0.076471
0.141719
0.697766
0.649402
0.203448
0.084154
0
0.318118
0.136823
0.477738
0.013743
0.048003
0.386168
0.36485
0
0.393028
0.088758
0.465325
0.336903
0.100151
0.104467

0.11616
0.282572
0.139492
0.102055
0.148831
0.131677
0.23535
0.822071
0.232776
0.085818
0.126189
0
0.416855
0.210947
0.29584
0.218536
0.791016
0.181008
0.539964
0.148831
0.478478
0.154141
0.472372
0.327984
0.44917
0.249183
0.180143
0.197332
0.074117
0.143925
0.063552
0.345953
0.691852
0.412553
0.14287
0.216619
0.134208
0.066597
0.018486
0.12453
1
0.266601
0.047179
0.219107
0.103951
0
0.15661
0.351878
0.787761
0.176662
0
0.145272
0.019569
0.221415
0.100855
0.114101
0.129321
0.244784
0.27675
0.268561
0.09808
0.006862
0.277407
0.901852
0.040577
0.788519
0.069818
0.026534
0.279018
0.633951
0.160549
0.070653
0
0.199072
0.213358
0.646234
0.654657
0
0.719528
0.20804
0
0.545722
0.687329
0.033529
0.367444
0.259825
0.57204
0.089172
0.219273
0.161819
0.3545
0.520845
0.143517
0
0.022566
0.148831
0.231578
0.510667
0.117395
0.115341
0.158829
0.070084
0.549345
0.576405
0.117116
0
0.250524
0.374918
0.216799
0.864181
0.143843
0.288099
0.285766
0.263521
0.15242
0.263521
0.480557
0
0.774576
0.730734
0.068485
0.581541
0.148831
0.409035
0.010316
0.159704
0.511743
0.148195
0.744547
0.155142
0.128744
0.148831
0.343788
0.102575
0.359353
0.417751
0.238554
0.005279
0.36504
0.158997
0.144548
0.0609
0.041924
0.247386
0.200232
0.196377
0.371837
0.105168
0.175221
0.189682
0.245662
0
0.068764
0.040962
0
0.216858
0.543287
0.034895
0.425226
0.707298
0.040184
0.005508
0.842154
0.916667
0.676213
0.144548
0.196378
0.134619
0.116255
0.622086
0.144548
0
0.205584
0.588529
0.097148
0.15348
0.003503
0.924458
0.071879
0.573419
0.655644
0.496573
0.916667
0
0.491604
0.175236
0.442627
0.321372
0.296405
0.13375
0.106788
0.138922
0
0.080997
0.169854
0.431567
0.242544
0.268617
0.162481
0.102519
0
0.488309
0.383461
0.509866
0.531008
0.509866
0.131638
0.262196
0.106816
0.460408
0.121103
0.055185
0.24938
0.114669
0.099591
0.592449
0.216738
0.917854
0.194355
0.314159
0.298382
0.168067
0.126836
0.013015
0
0.085247
0.349741
0.184239
0.078171
0.069996
0.037811
0.509866
0.336443
0.333746
0.501085
0.207361
0.242544
0.101103
0.004951
0
0.191606
0.119135
0
0.583144
0.119894
0.405857
0.441787
0
0.144752
0.317504
0.128921
0
0.107455
0.223749
0.214307
0.509866
0.054159
0.172336
0.341556
0.331019
0.131263
0.090026
0
0.943022
0.50849
0.790804
0.265847
0.037308
0
0.586559
0.002013
0.224341
0.408344
0.086058
0.208965
0.13263
0.151545
0.557564
0.638441
0.09206
0.100389
0.409016
0.382427
0.158378
0.037435
0.314581
0.041038
0.142664
0.317495
0.207701
0.204582
0.322585
0.660611
0.14662
0.008948
0.151515
0.119116
0.211665
0.16699
0.130331
0.545722
0.192134
0
0.224628
0.369691
0
0.177898
0.307964
0.223158
0.148831
0.269212
0.603072
0.149908
0.224913
0.509807
0.393553
0.10733
0.115453
0.139361
0.40239
0.119751
0.470156
0.292783
0.227724
0.241546
0.272033
0.046726
0.489411
0.356419
0.283484
0
0
0.230682
0.394547
0.106151
0
0.286593
0.861921
0
0.411254
0.510916
0.060554
0.103045
0.152348
0.138227
0
0.085024
0
0.324184
0.11021
0.151545
0.430475
0.328358
0.269716
0.140788
0.151545
0.126512
0.275412
0.11565
0.529975
0.064998
0.344461
0.144367
0.175199
0
0.496212
0.830017
0.135634
0.116368
0
0.861921
0.513696
0.14685
0.038226
0
0
0.288696
0.118347
0.336351
0.169296
0.148831
0.090171
0.184569
0.148831
0.892113
0.251863
0.247404
0
0.349516
0.073165
0.271726
0.189402
0.549259
0.631792
0.365331
0.249745
0.109311
0.672865
0.218217
0.595401
0.181468
0.292336
0.07567
0.702147
0.377038
0.299547
0.046741
0.089167
0.144548
0.057211
0.196914
0.394238
0.241088
0.167298
0.241088
0.107233
0.013947
0.200696
0.127335
0.856076
0.062411
0.277047
0.112783
0.151545
0.248716
0.740523
0.703456
0.143302
0.083554
0.971214
0
0.222696
0.234058
0.201297
0.19547
0.055486
0.086523
0
0.160982

0
0.079642
0.172336
0.144589
0.139307
0.126105
0.04296
0.288985
0.096311
0.11726

0.25718
0.074883
0.783178
0.273019
0.247888
0.877152
0.101672
0.064936
0.163575
0
0.270338
0.417173
0.345464
0.069638
0.148831
0.061336
0.510298
0.015887
0.158132
0.027627
0.238887
0.02696
0.304152
0.216155
0.61796
0
0.098708
0.238107
0.852483
0
0.228212
0.609825
0.154162
0.450248
0.570813
0.152111
0.107455
0.148831
0.250535
0.835109
0.638702
0.439607
0.047859
0.168413
0.261848
0.419562
0.019044
0.158246
0.314167
0.566876
0.285247
0.134669
0.153006
0.131338
0.138628
0.221832
0.084633
0.188974
0.140613
0.334192
0.588037
0.871395
0
0.439288
0.532033
0.493588
0.232961
0.433112
0.012373
0
0.360191
0.472161
0.084388
0.842381
0.137609
0.55671
0.48414
0
0.26473
0.618694
0.064646
0.185813
0.085856
0.026361
0.096357
0.253191
0.649709
0.14146
0.116167
0.261768
0.248366
0.377133
0.228347
0.822293
0.394244
0.134747
0.143124
0.256788
0.385822
0.868939
0.197437
0
0.513002
0.911516
0.763676
0
0.064992
0.808239
0.165216
0.333583
0.216022
0.327989
0.101237
0.230355
0.043649
0.538561
0.28082
0.073991
0.117397
0.834539
0.30101
0.108388
0.21615
0.409701
0.416853
0.025044
0.088653
0.545701
0.304667
0.25131
0.086858
0.133583
0.152382
0.174451
0.20838
0.426957
0.799219
0.290874
0.692973
0.39207
0.191879
0
0.529256
0.746229
0.043306
0.004546
0.309917
0.159949
0.126813
0.573275
0.273499
0.103993
0.855546
0.049475
0
0
0.578434
0.083175
0.043959
0.010838
0.013757
0.062056
0.042907
0.916667
0
0.133187
0.015386
0.017272
0.216991
0
0.029081
0.012573
0.516321
0.063099
0.039835
0.040893
0.120765
0.024282
0
0
0
0
0.760417
0
0.692727
0.053735
0.137292
0.906586
0.647969
0.143925
0.090108
0
0.154668
0.062135
0.003039
0.174956
0.311194
0.003659
0.126083
0.019498
0.022138
0.148831
0.025792
0
0.515981
0.141872
0.435131
0.904725
0.188976
0.245968
0.662406
0.021558
0.055434
0.02186
0
0
0.15029
0
0.047744
0.318206
0.102377
0.194301
0.078532
0
0.444337
0.09204
0
0.002478
0
0.073978
0.050469
0.002796
0.002796
0.131284
0.062042
0.215349
0.007214
0
0.021021
0.0582
0.270555
0
0.429587
0.275936
0
0.303176
0.038966
0.146636
0
0.123369
0.095698
0.068081
0.116974
0.303298
0.321113
0
0
0
0.109063
0
0.380035
0.007043
0
0.002478
0.050681
0.605734
0.783919
0.863962
0.028958
0
0.833515
0.098293
0.061856
0.091043
0.139957
0.962817
0.137609
0.000257
0.368513
0
0
0.735378
0.044277
0.112907
0.373007
0.017392
0.729095
0.291727
0.461999
0.179355
0.063848
0
0.054569
0.210083
0.242404
0.88686
0.076163
0.039327
0.060987
0.001281
0.350816
0.104419
0.090272
0
0.067554
0.80758
0.537817
0.248673
0.082605
0.07532
0.04326
0.447308
0.261398
0.028392
0.327212
0.593355
0.099538
0.019897
0.332679
0.005508
0
0.171284
0
0.145778
0.244448
0.790194
0.403214
0.01814
0.055015
0.001824
0.070194
0.162591
0.141719
0.002478
0.138015
0.730808
0.239758
0.015038
0.108808
0.245162
0.300921
0.299239
0.480281
0.432178
0.066765
0.236022
0.148831
0.185283
0.095668
0
0.015404
0.015038
0
0.654091
0.229154
0.015404
0
0.139511
0.013421
0.083257
0.043273
0.141734
0.161354
0.065695
0.032139
0.812779
0.015038
0.040548
0.325284
0.015947
0.169207
0.707072
0
0.0182
0.002796
0.092647
0.021261
0.145356
0.157153
0.288258
0.005054
0.002478
0.11386
0.122487
0.343173
0
0
0
0.158121
0.158121
0.015386
0.010872
0.005364
0
0
0.370994
0.162409
0.232514
0.143432
0.002478
0.059729
0.01404
0.03621
0.190829
0
0.411045
0.346568
0.015038
0.209867
0.303146
0.00179
0
0.155958
0.077829
0.014897
0.04157
0.712267
0.144548
0.049198
0
0
0.551034
0.1517
0
0.039584
0.123468
0.101531
0.015317
0.056085
0.448104
0.112678
0.3626
0.06833
0.625948
0.044692
0.015702
0.173552
0.151903
0.217039
0.039198
0.223702
0.375393
0.365335
0.28496
0.520312
0.064688
0.004891
0.013743
0
0.85156
0.002478
0
0.308078
0
0.018929
0.141688
0.514462

0.231433
0.834571
0.003399
0.155004
0.001784
0.149776
0
0.409072
0.29315
0.161587
0.087592
0.716802
0.153006
0.787193
0.539196
0.051199
0.371627
0.06146
0.00683
0.077765
0.688312
0.166473
0.146339
0.108151
0.207323
0.083492
0.7808
0.287813
0.760888
0
0.166888
0.460609
0.055403
0.149676
0.074528
0
0.04832
0
0.004432
0.084928
0.315535
0.245299
0.151545
0.916667
0
0
0.166782
0.027612
0.002386
0.374527
0
0.062468
0.043959
0.819305
0
0.040723
0.094306
0.017619
0.040533
0.555061
0.153507
0.089291
0.352986
0.333752
0.15808
0.324728
0.716416
0.037438
0
0.250146
0.558983
0.154707
0.219284
0
0.161517
0.003485
0
0.779917
0.378366
0.410615
0.045335
0.755492
0
0.508913
0.256162
0.170643
0.182765
0.253783
0.040408
0
0.14908
0.002478
0.393709
0
0.139957
0.05242
0.390335
0.590822
0.033858
0.006193
0.179139
0
0.777407
0
0.002642
0.033012
0.061819
0.514491
0.076474
0
0.295259
0.194843
0.48572
0.051348
0.539196
0.540119
0.300983
0.195406
0.047942
0.075044
0.244244
0.011272
0
0.180267
0.311194
0
0.116015
0.068685
0
0.587583
0.031473
0.021261
0.144548
0.070177
0.067179
0.159569
0.021793
0.030344
0.443735
0.016168
0.339593
0.095723
0.017619
0
0.126709
0.207453
0.103877
0.045925
0.323502
0.025453
0.1929
0.662257
0.207386
0
0
0
0
0.149724
0.148831
0.158571
0.430576
0.159789
0.188782
0.606406
0.160043
0.224927
0.224431
0.455982
0.603044
0.059935
0.360191
0.273577

0
0.020452
0.302929
0.253201
0.36029
0.256721
0.148831
0.088692
0.406863
0.766698
0.01782
0
0.110811
0.230165
0.00701
0
0.151517
0.164924
0.351339
0.495444
0.072624
0.045855
0.863962
0.255209
0
0.075339
0.075493
0.124779
0.489145
0.157575
0.039263
0.458433
0
0.064075
0.018671
0.076426
0.001075
0.539196
0.224587
0.364095
0.526327
0.226112
0.353803
0.874992
0.699384
0.186577
0.293199
0.240916
0.148831
0.175201
0.002526
0.018168
0.093362
0.047489
0.014378

0.341571
0.098415
0.333858
0.283542
0
0.001985
0.004114
0.80507
0.132772
0
0.002478
0.144957
0.13159
0.176189
0.364798
0.499281
0.08486
0
0.17957
0.688798
0.515461
0.528444
0
0.090007
0.072351
0.019652
0.246512
0.142139
0.55084
0.328988
0.506152
0.171145
0.478668
0.24644
0.299962
0.082291
0.104163
0.191417
0.756691
0.168089
0.860736
0.291763
0.096596
0.013743
0
0.039654
0.020452
0
0.015038
0.435254
0.150091
0.081678
0.067442
0.207454
0.127602
0
0.470913
0.465649
0.008768
0.008572
0.183851
0.048944
0.044369
0.047428
0.049475
0.058707
0.302271
0
0.038206
0.010186
0
0.167598
0.586175
0.015038
0
0.106023
0.230689
0.020531
0.02114
0.289454
0.197739
0
0.158132
0.071302
0.404889
0.042159
0.006048
0.009668
0.301438
0
0.416984
0.19564
0.138383
0
0
0.396889
0
0.129814
0.148831
0.806933
0.047744
0.158121
0.02961
0.480287
0.041483
0.251796
0.02695
0.545152
0.006894
0.363881
0.045776
0.002526
0.083404
0.148831
0.005568
0.161555
0.410325
0
0.225385
0.038922
0
0.278677
0.696515
0.363829
0.071412
0.009611
0.034117
0.309248
0.242041
0.005508
0.36333
0.058784
0.27416
0.588526
0.415067
0
0.005884
0.047287
0.004386
0.00179
0.065459
0
0.13742
0.34166
0.00666
0.304683
0.059009
0.251813
0.173571
0.059978
0.159891
0.140799
0
0.147123
0.299025
0.001267
0.047571
0.0682
0.019222
0
0.074345
0.171109
0.076474
0.191606
0.656824
0.169841
0.16237
0.023958
0.035702
0
0.002341
0.025792
0
0
0
0.074159
0
0
0.013285
0
0
0.682216
0.238849
0.823069
0.151545
0.375868
0.125805
0.038976
0
0.157041
0.337532
0
0.091526
0.173021
0.26856
0.012574
0.231983
0.462588
0.171714
0
0.033743
0
0.18617
0
0.734786
0.418009
0.009719
0.121186
0.016351
0.519938
0.084253
0
0.068457
0.640974
0.475676
0.086557
0.154477
0.012507
0.067855
0.220573
0.022605
0
0.166825
0
0.282276
0.1824
0.399787
0.109452
0.666483
0.337927
0.363222
0
0.3827
0
0.062208
0.653772
0.165606
0.184446
0.151545
0.386753
0
0.72389
0.699897
0.100795
0.291302
0
0.193509
0.173294
0.108674
0.728924
0.042907
0
0.002478
0.118761
0.219839
0.671769
0.405791
0.726468
0.513137
0.236808
0.404553
0.111811
0.038645
0.110612
0.003687
0
0
0.123891
0.005442
0.250021
0
0
0.060382
0.018875
0
0.608236
0.144548
0.824758
0
0.180577
0.152299
0.00478
0.150627
0.606732
0.07576
0.222869
0.006045
0
0.129577
0.795393
0.664685
0.365101
0.00757
0
0.111281
0
0
0.080405
0
0.121186
0.049399
0.295777
0.063314
0.54703
0.228669
0.20257
0.282721
0.030089
0.136781
0.72458
0
0.229787
0.057698
0.151545
0
0.201065
0.13846
0.89086
0.368923
0.466794
0.065613
0.067565
0
0.277162
0.256636
0.415686
0.166688
0.240661
0.277968
0
0.670821
0.086862
0.201659
0.317855
0.331348
0.40998
0.397551
0.293923
0.125183
0.146483
0.054279
0.361355
0.54024
0
0.086407
0.18884
0.286793
0
0.048673
0.109507
0.178321
0.207423
0.424966
0.840268
0.309696
0.352858
0.160346
0.00179
0
0.968232
0
0.182641
0.161029
0.116896
0
0.162296
0.113877
0.359309
0.316827
0.374055
0.148831
0.19688
0.199853
0.28049
0.167641
0.101688
0.148831
0.05804
0.553808
0
0.076019
0.214144
0.145296
0.394987
0.25455
0.086894
0.572505
0.309628
0.240523
0.567789
0.055428
0
0.164341
0.755324
0.206174
0.098108
0.41682
0.303706
0.160817
0.388268
0.753821
0
0.145564
0
0.01994
0.274505
0.173345
0.155256
0.598512
0.051449
0.339714
0.64646
0.267697
0.157669
0.156654
0.875595
0.221681
0.139565
0
0
0.042217
0.276367
0.714672
0.082432
0.069623
0.136787
0.231803
0.617916
0.406577
0.252598
0.149717
0.11445
0.213989
0
0.145458
0.140608
0
0.212419
0.087719
0.805981
0.098331
0.464947
0
0.074475
0.727162
0.218709
0.165535
0.845859
0.219214
0.337217
0.049682
0.493468
0.323721
0.201601
0.263063
0.319634
0.219814
0.367001
0.34916
0.080377
0
0.874118
0
0.120846
0.108286

0.319235
0.477539
0
0.916667
0.097231
0.504154
0.109457
0.662019
0.104642
0.370626
0.114347
0.100289
0.1814
0.09969
0.148831
0.341252
0.088701
0.131458
0.32524
0.462721
0.359194
0.197663
0
0.010128
0.016028
0.479073
0.739881
0.214064
0.381469
0.094215
0.131604
0.270443
0.293237
0
0.151545
0.108273
0.32045
0.418848
0
0.015165
1
0.190859
0.046602
0.333036
0.29793
0.22132
0.014048
0.359158
0.394506
0
0.143397
0.164717
0
0.167271
0.428402
0.105168
0.046149
0.455072
0.128679
0.452741
0
0.082518
0.068213
0.217785
0
0.024593
0.139272
0.701126
0.042685
0.049944
0.074276
0
0.248558
0.182486
0.073074
0
0.167811
0.409016
0.096635
0.068533
0.354254
0.16081
0.280596
0.072521
0.148831
0.078256
0.872851
0.080364
0.045317
0.065677
0.103532
0.112603
0.410405
0.055955
0
0.567472
0.390387
0.181353
0.137302
0.120393
0.316984
0.141922
0.470409
0.364383
0.75964
0
0.130846
0.513095
0.276301
0.590516
0.009692
0
0.916667
0.273543
0.485412
0.095515
0
0.264488
0.398399
0.36607
0.158651
0.163785
0.29793
0.109992
0.123608
0.168381
0
0.080296
0.068646
0.126382
0.223672
0.204797
0.148831
0.114918
0.240307
0.256298
0.217057
0.239862
0.370313
0.037994
0.055912
0.695423
0
0.872775
0.197813
0.198423
0.733571
0.136508
0.228932
0.079486
0.103313
0
0.151545
0
0.120056
0.210414
0.1285
0.078898
0.349695
0.862437
0.361031
0.14205
0.17944
0.109226
0.073027
0.508148
0.593676
0.294309
0.439923

0
0.035021
0.265708
0.185239
0.101315
0.03687
0.173856
0.100746
0.169185
0.160059
0.091321
0
0
0.023138
0.404179
0
0.231095
0.046071
0.186531
0.074022
0.105359
0.095642
0.135941
0.425923
0.078915
0
0.107374
0.455813
0.161387
0.069255
0.113003
0.061336
0.114989
0.244642
0.05059
0.064333
0.203711
0.395167
0.170173
0.06278
0.283024
0.113566
0.05481
0
0.028436
0.168743
0.108549
0.376277
0.07686
0.098843
0.431785
0.091218
0.274465
0.164248
0.195195

0.121252
0.203712
0.250198
0.063828
0.281504
0.219046
0.740651
0.070773
0.343781
0.198663
0.165142
0.2704
0.345104
0
0.079591
0.177848
0
0.101688
0.194794
0.184233
0.413942
0.041166
0.139574
0.422317
0.367896
0.221662
0.066459
0.135941
0.269027
0.110919
0
0.024705
0.313133
0.060532
0.416308
0.453175
0.091108
0.023882
0.091957
0.367915
0.61227
0
0.883578
0.095266
0.286793
0.252208
0.503712
0
0.079279
0.444776
0.494483
0.082084
0.131114
0.050863
0
0.536384
0.104836
0.50655
0.094539
0.140339
0.025276
0.731265
0.319734
0.099813
0.209872
0.581113
0.117277
0.352012
0.211679
0.075598
0.149018
0.16649
0.039071
0
0.199326
0.014952
0.389067
0.147822
0.628261
0
0.150516
0.074488
0.053287
0.125318
0.319181
0
0.144268
0.067738
0.188873
0.589366
0.289825
0.505955
0.385284
0.026948
0.089709
0.00179
0.292477
0.570502
0.409004
0.094706
0.294787
0.248502
0.050068
0.108632
0.07556
0.054489
0.054218
0
0.002478
0
0.159283
0.243648
0.126884
0.577063
0
0.128241
0.573791
0.295481
0.223415
0.26868
0.266981
0
0.692122
0.398473
0
0.589805
0.294617
0.148831
0.775172
0.421682
0.310978
0.365164
0.429111
0.877326
0
0.654554
0.148831
0.349542
0.196874
0.138192
0.111113
0.676075
0.352943
0.198041
0.287287
0.481467
0.166119
0.146523
0
0.385529
0.06766
0.174195
0.049513
0.261509
0.674024
0.141347
0.148071
0.463751
0.241477
0.013172
0.125544
0.421341
0.201111
0.20722
0.152737
0
0.210743
0.301693
0.440957
0.363558
0.590706
0.136993
0
0.074163
0.175696
0.138101
0.483218
0.678084
0.205533
0.1722
0.267131
0.441851
0.158453
0.84565
0.107345
0.134864
0.412037
0.061999
0.329792
0.126159
0.037435
0.572394
0.037435
0.131824
0.154383
0.886065
0.103829
0.026515
0.007264
0.170645
0.077584
0.254961
0.547114
0.255982
0.549578
0.069996
0.129241
0
0.335884
0.077201
0.407498
0.179072
0
0.582628
0.181717
0.64651
0.008453
0.041561
0.07102
0.226126

0
0.032499
0.139256
0.162975
0.537557
0.322625
0.467479
0.808967
0.357855
0.140394
0.127466
0.3715
0.309777
0.048724
0.050733
0.138052
0.369631
0.099857
0.083107
0.250744
0.114938
0.148831
0
0.263975
0.485607
0.040652
0.062056
0.401704
0.43922
0.355864
0.071768
0.103115
0.809737
0.045886
0.164527
0.363598
0
0
0.148831
0.055169
0.451926
0.594421
0.71134
0.333262
0.412009
0.144687
0.321318
0
0.398395
0.016108
0.478478
0.339375
0
0.072214
0.45387
0.085965
0.401451
0.099538
0.598661
0.509928
0.455178
0.891528
0.527815
0.26201
0.242695
0.150091
0.136114
0.379618
0.500115
0.219686
0.55974
0.220545
0
0.493721
0.17167
0.431002
0.313747
0.170144
0.148831
0.139906
0.236725
0.121977
0.695664
0.184933
0.412009
0.172337
0.033003
0.079466
0
0.630246
0.501735
0.336573
0.692977
0
0.494835
0.319686
0.261977
0.219742
0
0.027181
0.553236
0.684284
0
0.370027
0.30722
0.204211
0.284629
0.493202
0.359685
0.111596
0.18692
0.389315
0
0.277427
0.664991
0.699031
0.110612
0.14205
0.144548
0.01635
0.183052
0.53406
0.700527
0.445675
0.285528
0.145807
0.404368
0.431002
0.715848
0.491035
0.300473
0.461864
0.151545
0
0.498904
0.309855
0.350237
0.371104
0.111005
0.399884
0.248569
0.035645
0.141719
0.965351
0.055095
0.470253
0.169664
0.240274
0.261461
0.866955
0.308482
0.186489
0.011928
0.040442
0.201364
0.09337
0.049542
0.02962
0.308178
0.305876
0.701154
0.346348
0.112072
0.838383
0.059729
0.002712
0.079632
0.044393
0.409455
0.162745
0.004313
0.233856
0.168334
0.092514
0.122485
0.105579
0.290781
0.486819
0.700281
0
0.463473
0.149783
0.286327
0.298754
0.125711
0.186577
0.46248
0
0.317701
0.054063
0.108151
0.578449
0.089358
0
0.211259
0.18998
0.367121
0.174564
0.148831
0.141719
0.378277
0
0.592748
0.61327
0.507274
0.07957
0.762325
0.253154
0.549366
0
0
0.312575
0.437389
0.141719
0.096059
0.170157
0.230547
0.11853
0.301053
0
0.201029
0.234871
0.279131
0.229245
0.230931
0.499446
0.311757
0.399905
0
0.337896
0.385225
0.443724
0.580899
0.490647
0.661075
0.07957
0.084914
0.38282
0
0.557877
0.396933
0.148831
0.32414
0.400229
0.579221
0
0.155946
0.233404
0.431002
0.113833
0.144376
0.514908
0.730941
0.113833
0
0
0.58049
0.265939
0.281584
0.510988
0.317079
0.710304
0.163035
0.539288
0.45508
0.4911
0.745309
0.392346
0.316126
0.105022
0.380551
0.245774
0
0.448092
0.806975
0.394399
0.280114
0.14719
0.141719
0.166023
0.009675
0.170778
0.144548
0.219263
0.515231
0.151169
0.170914
0
0.148831
0.227453
0.430451
0.176493
0.607421
0.134925
0.117592
0.407617
0.393847
0.521305
0.566762
0.284749
0.916667
0.281635
0.024236
0.498636
0.048685
0.009186
0.20602
0.210069
0
0.380401
0.599961
0.539827
0.319155
0.198014
0.280218
0.161517
0.287657
0.23455
0.353134
0
0.612484
0.123548
0.133507
0.260733
0.628123
0.244754
0.087759
0.32659
0.584116
0.060934
0.341046
0.19076
0.301694
0.229056
0.148831
0.786284
0.172723
0.034005
0.099904
0.416708
0.751627
0.402628
0.286613
0
0.342408
0
0.341571
0.203212
0
0.075044
0.140097
0.174188
0.347682
0.079682
0.541263
0.151545
0.140084
0.38579
0.125072
0.887832
0.541038
0.528263
0
0.010532
0.152212
0.256636
0.671608
0.501184
0.305147
0.151545
0.432667
0.446642
0.317255
0.299696
0.11482
0.421638
0.42799
0.109345
0.272795
0.471824
0.085431
0.158851
0.015461
0.604423
0.26062
0.432001
0.578449
0.123917
0.229787
0.470436
0.048199
0.054547
0.047962
0.017513
0.438431
0.117112
0.616765
0
0
0.416808
0.231149
0.015229
0
0.159694
0.036449
0.724237
0.018848
0.262566
0
0.09986
0.359267
0.368641
0.002341
0.490131
0.160172
0.858276
0.176896
0.482081
0.428835
0.1552
0.462465
0.52989
0
0.819105
0.201659
0.161771
0
0
0.233792
0.197093
0.018906
0.64651
0
0.10997
0.520713
0.230751
0.46578
0.496164
0.039675
0.054547
0.346399
0.310704
0.197017
0.529202
0.085268
0
0
0.212954
0
0
0.169197
0.333109
0.163245
0.721585
0.314725
0.124336
0.042505
0.230254
0.176754
0.132965
0.31239
0.621472
0.229787
0.916667
0.062517
0.505611
0.149314
0.553928
0
0.292283
0.281144
0.578449
0.619853
0.071605
0.227472
0.186651
0.153006
0.295456
0.146689
0.040024
0.153006
0.475044
0.091693
0
0.488005
0.319769
0.619216
0.137776
0.148831
0.549175
0.372173
0.753685
0
0
0.065156
0.151045
0.253071
0.227777
0.283143
0.108151
0.283789
0.064466
0.219117
0.257601
0.091693
0.093822
0
0.21528
0.252622
0.511123
0.175858
0.258946
0.372476
0.138028
0.11284
0.73498
0.427122
0.494854
0.173553
0.283567
0.234871
0.088419
0.041477
0.148831
0.176259
0
0.007265
0
0.241954
0.443872
0.12651
0.146411
0.237384
0.526868
0.427893
0.13369
0.296059
0.161189
0.259459
0.115147
0
0.254217
0.334891
0.088701
0.423441
0.413894
0.068148
0.163754
0.226873
0
0.506536
0.222239
0.808014
0.163269
0.047465
0.647867
0.087268
0.228753
0.432023
0.255487
0.493998
0.315415
0.315415
0.052169
0.132778
0.591139
0.42675
0.062448
0.395585
0.369031
0.450041
0.539196
0.338793
0
0.378183
0.859935
0.510206
0.261617
0.497437
0.591852
0.275116
0.141361
0.539291
0.327518
0.394633
0
0.126635
0.327077
0.492665
0.706402
0.113715
0.124427
0.399426
0.403282
0.762498
0.332567
0.327388
0.200305
0.857088
0.253053
0.229787
0.163475
0.312555
0.447347
0.810553
0
0.354921
0.134804
0.379258
0.880497
0.862437
0
0.467131
0.163267
0.349083
0.247253
0.276616
0.500984
0.376123
0.140444
0.235214
0.184848
0.150725
0
0
0.732831
0
0.226586
0
0.962531
0
0.35468
0.312343
0.076503
0.467762
0.041051
0.033925
0.108881
0.356618
0.148831
0
0.261251
0.318858
0.144548
0.273295
0.21408
0.131747
0.088426
0.526273
0.27504
0.067554
0.225376
0.489289
0.864621
0.339385
0.729022
0.111902
0.486653
0.429621
0.360185
0.152044
0.575694
0.179456
0.352725
0.140803
0.29584
0.1529
0.481358
0.630437
0.189348
0.258075
0.848703
0.293178
0.228035
0.113243
0
0.894005
0.15807
0.700912
0.863962
0.612042
0.831853
0
0.058435
0.575877
0.151545
0
0.378117
0.478016
0.242398
0.190299
0.151545
0.260518
0
0.567779
0
0.16988
0
0
0.366645
0.364498
0.090996
0.70589
0.943611
0.226901
0.067179
0
0.308521
0.153006
0
0.202405
0.16319
0.210091
0.146336
0.289062
0.214749
0.147921
0.026124
0.483853
0.061166
0.323014
0.08681
0
0.144548
0
0.347682
0.783627
0.179211
0.214562
0.201252
0.446218
0.083175
0.225899
0.106589
0.160168
0.136825
0.402024
0.136825
0.185627
0.441642
0.65057
0.136221
0
0.106388
0.106366
0.615956
0.568263
0.136825
0.65516
0.539196
0.438371
0.748899
0.748899
0.156123
0
0.591481
0.801602
0.136837
0.136825
0
0.964972
0.748899
0.167371
0.748899
0.25989
0.293647
0.443751
0.172719
0.21632
0.748899
0.717431
0
0.740355
0.538985
0.148831
0.655404
0.561651
0.541563
0.111294
0.384688
0.278533
0.492184
0.56173
0.059891
0.347944
0.194224
0.462425
0.283557
0.539196
0.246616
0.861921
0.096244
0.590575
0.85859
0.422387
0
0.407715
0
0.412009
0.295449
0.559225
0.490228
0.147812
0
0
0.602548
0.469579
0.216116
0.559413
0.405775
0
0.243788
0.004326
0.394964
0.320419
0.503044
0.27675
0.50455
0.748899
0
0.861921
0
0.532639
0.440299
0.043608
0.05705
0.202452
0.167371
0.41838
0.322468
0.137683
0.828144
0.014975
0.356315
0.424009
0.247463
0.256441
0.349172
0.532302
0.093082
0.72619
0.271666
0.167371
0.915643
0
0
0.509038
0.378093
0.110448
0.153835
0.072948
0.07655
0.148831
0.524919
0.407095
0.161819
0.064129
0.162882
0.359797
0.198563
0.091221
0.052541
0.698606
0.057154
0.18725
0.07655
0.412629
0
0.138723
0.659134
0.158375
0.248071
0.145718
0
0.151545
0.239303
0.297884

0.148831
0.528777
0.190695
0.201371
0.504061
0.130338
0
0.162563
0.148917
0.07655
0.134446
0.009002
0.234669

0.07997
0.240307
0.091221
0.042762
0.088782
0.148831
0.299665
0.069996
0
0.707061
0.192173
0.266471
0.040336
0.532637
0.052727
0.120898
0.126189
0.077414
0.859935
0.071618
0.091221
0.069996
0.381465
0.404782
0.416259
0.201661
0.076757
0.349821
0.515868
0.176004
0.07655
0
0.025909
0.148831
0.001824
0.177477
0.225847
0.069996
0.130271
0.091221
0.089124
0.402092
0.130788
0.367375
0.028285
0.001251
0.15378
0.26351
0.091221
0.131832
0.117358
0.081535
0.435439
0.148831
0.139669
0.073564
0
0.184314
0
0.214692
0.099099
0.057704
0.748381
0.056693
0.067045
0.505907
0.742308
0.419923
0.269717
0
0.153213
0
0
0.15062
0
0.139462
0.135577
0.081025
0
0.088844
0
0.091798
0.069996
0.164743
0.223085
0.096191
0.144548
0.022614
0.164527
0.167566
0.083002
0.195094
0.060601
0.866955
0
0
0.15379
0.146797
0.280975
0.040716
0.151545
0.126884
0
0.142871
0.751203
0
0.308161
0.049046
0.225084
0.148831
0.740714
0.125522
0.846578
0.069996
0.206534
0.069996
0.327852
0.427158
0.129651
0
0.134841
0.096769
0
0.175307
0.101773
0.209038
0
0.155898
0
0.873821
0.186391
0.107918
0.673611
0.873337
0
0.380331
0
0.107918
0.030321
0.511338
0.395782
0.075072
0.399219
0
0.488227
0.003663
0.161819
0.080611
0.129668
0.064372
0.165361
0.094435
0.077553
0.18725
0.58555
0
0.062668
0.084663
0.177477
0.074024
0.095227
0.159569
0.071641
0.121756
0.159569
0.079002
0.862998
0.093156
0.042653
0.070374

0.077818
0.148831
0.315454
0.172103
0.067468
0.091451
0.342985
0.197332
0.077439
0.093001
0.057704
0.090977
0.070982
0.232449
0.090006
0.159569
0.065035
0
0.151545
0.254333
0.159569
0.291846
0.104546
0.654473
0.06008
0
0.151545
0.14199
0.168653
0.201371
0.151545
0
0.055819
0.074475
0.332542
0.165031
0.087655
0.148831
0.152447
0.21365
0.151545
0.094328
0.151545
0.104728
0.203815
0.174158
0.379635
0
0.092157
0.066311
0.055913
0.827597
0.445566
0.674024
0.095991
0.827376
0.094789
0.135327
0.110818
0.191995
0.736752
0.065114
0.084959
0.076531
0.38098
0.095247
0.252749
0.137609
0.129426
0.052442
0.161819
0
0.916667
0.568515
0
0
0.009763
0.719544
0.130989
0.256636
0.179133
0.075592
0
0.074402
0.160168
0.087706
0.225224
0.070982
0.657037
0.194006
0.269353
0.080715
0.024167
0.148831
0.729975
0.091528
0.079575
0.545334
0.391426
0.051073
0.221124
0.13653
0.070982
0
0.160945
0.53291
0.151545
0.269419
0.091835
0.394007
0.20113
0.057614
0.10981
0.117192
0.028845
0
0.054137
0.740471
0
0.130391
0.078137
0.052296
0.052699
0.087613
0.547865
0.166222
0.160168
0.269222
0.037647
0.069208
0.179805
0.405384
0.141886
0.055403
0.187673
0
0.254761
0.305007
0
0
0.161987
0.024825
0
0.090785
0
0.206221
0.046156
0.079576
0.078461
0.105168
0.052561
0.068872
0.247497
0.097658
0.088642
0.693543
0
0.760142
0.270357
0.80262
0.083601
0.35656
0.14683
0.043375
0.075971
0
0.137185
0.125761
0.316692
0.160168
0.179072
0.872478
0.183666
0.066168
0
0.209222
0
0.749384
0.180408
0.213994
0.144548
0.087982
0.168305
0
0.049901
0.217033
0.047067
0.013734
0.039353
0.734721
0.101652
0.253083
0.131764
0.04286
0.096244
0.345321
0.01606
0.751955
0.103752
0.160258
0.252713
0.189827
0.006713
0.074402
0.02994
0.010289
0
0.083768
0.263274
0.112956
0.046596
0.150559
0.06877
0.06213
0.16619
0.05271
0.262217
0.151545
0.16685
0.148831
0.077066
0.54606
0
0.610463
0.328805
0.333216
0.445012
0.151545
0
0.13747
0.215055
0.069996
0.145502
0.694807
0.163659
0.005354
0.053213
0.086967
0.40229
0.421819
0.061895
0.069565
0.065146
0.091409
0.178709
0.080256
0.24378
0.136539
0.120218
0.5221
0.108863
0.499151
0.852682
0.413661
0.098309
0.112527
0.667697
0.124248
0.070317
0.077795
0.382654
0.148135
0.083835
0
0.791016
0.489633
0.211388
0.645438
0.239009
0.420954
0.30948
0
0.639158

0
0.049999
0.160451

0.898185
0.826731
0.655233
0.355397
0.134589
0.647969
0.152519
0.231253
0
0.648494
0.534575
0.239795
0.469056
0.565642
0.106896
0.605045
0.052579
0.74399
0
0.221149
0.905871
0.567736
0.539196
0
0.439363
0.226157
0.477725
0.474995
0
0.644138
0.07894
0.545451
0.454879
0.352262
0.788519
0.372234
0.783037
0.392952
0.140861
0.489289
0.515099
0.508665
0.381629
0.182969
0.149057
0.388464
0.455617
0.327099
0.005442
0.480914
0.283311
0.41397
0.140816
0.726865
0.164805
0.238663
0.47834
0.622146
0.788519
0.482801
0.466746
0.268843
0.202594
0.321969
0.324835
0.508702
0.442957
0.060768
0.871194
0.788519
0
0.554138
0.372177
0.094478
0.143715
0.345182
0
0.444434
0.669008
0.148831
0.788519
0.367554
0.74934
0.860736
0.694309
0.845929
0.408927
0.685644
0.745421
0.191121
0.840268
0.726535
0.460462
0.20744
0.392171
0.229701
0.442835
0.204878
0.114604
0.732752
0.43304
0.445794
0.463551
0.530462
0.133189
0.543469
0.197373
0.455072
0.620933
0
0
0.116043
0.21549
0.290837
0
0.494411
0.521171
0.504003
0.341152
0.687978
0.492629
0.522131
0.531926
0
0.093863
0
0.12455
0.102519
0.788999
0.863962
0.493044
0.457402
0.613432
0.353494
0.788519
0.696716
0.101275
0.466121
0.144548
0.151545
0.422535
0
0
0.489589
0
0.227385
0
0.455146
0.51699
0.026277
0.519909
0.788519
0.471366
0.582101
0
0.199144
0.146302
0.474327
0.608102
0.056237
0.528089
0.861921
0.27957
0.435775
0.064932
0.085701
0.641502
0.615059
0.609588
0.148831
0.06556
0
0.288711
0
0.331116
0.312596
0.48262
0.690982
0.616042
0.246159
0.437464
0.232731
0
0.534868
0.151545
0.651666
0.564862
0.788519
0
0
0.648814
0.37484
0.449404
0.176496
0.578056
0.815631
0.597535
0.38163
0
0.788519
0.824626
0.788519
0.505964
0.148831
0
0
0
0.472077
0.480914
0.318293
0.442234
0.193344
0.583781
0.144548
0.885
0.336573
0.77851
0.261955
0
0.82258
0.131737
0.377657
0.856277
0.861921
0.18335
0.064919
0.297003
0.181081
0.735809
0.130998
0.145223
0.796994
0.21132
0.553467
0.385969
0.136892
0.801768
0.162009
0.393468
0.137463
0.68868
0.128047
0.801427
0.084553
0.119398
0.658503
0.366488
0.040092
0.856277
0
0
0.861921
0.68907
0
0.860314
0.721624
0.425071
0.412111
0.834392
0.247168
0.613337
0.759572
0.690687
0.916667
0.489385
0
0.744022
0.236808
0.755492
0.829912
0.041598
0
0.141719
0.472618
0.236808
0.419512
0.808869
0.490249
0.932245
0.368645
0.076381
0.024318
0
0.1431
0.696319
0.236808
0.236808
0.734786
0
0.155625
0.236808
0.946817
0.63876
0.263175
0.069223
0.154141
0.795998
0.236808
0.100849
0.094391
0.932041
0.202419
0.510557
0.763238
0.089685
0.863962
0.011099
0.061895
0.027911
0.135584
0.860736
0.774774
0
0.808626
0.739864
0.724349
0.856277
0.074163
0.761343
0.357709
0.252701
0.827977
0.856277
0.150336
0.871395
0.776644
0.316104
0.52082
0.808141
0.404811
0.459496
0.620462
0
0.861921
0.563122
0.794364
0.681791
0.603124
0.861921
0.496538
0.772302
0.210927
0
0.395943
0
0.346111
0
0.761456
0.803169
0.763238
0.656563
0.674782
0.840808
0
0.700047
0.502081
0.83617
0.848475
0.818827
0.873252
0.20235
0.469126
0.511292
0
0.836969
0.397966
0.155937
0.221865
0.141719
0.307025
0.539288
0.74174
0.162095
0.75293
0.019836
0.801088
0.359514
0.13719
0.817045
0.616146
0.618694
0.101659
0.637926
0.351519
0.006286
0
0.587825
0.175802
0.863962
0.861921
0.80645
0
0.640976
0.768762
0.331163
0.180113
0.271759
0.883578
0.840724
0.863962
0.198308
0.067373
0.565933
0.230063
0.005662
0.544548
0.159752
0.727816
0.145183
0.597371
0.012614
0.777342
0.728352
0.143444
0.198352
0.018095
0.486253
0.760417
0.916667
0.358384
0
0.153334
0.775825
0
0.375169
0.383129
0
0.46638
0
0.492557
0.03362
0.114521
0.718844
0.939165
0.072948
0.428321
0.144548
0.768173
0.723879
0
0.043298
0.047981
0.09808
0.281321
0
0.042434
0.458228
0.498882
0.406074
0.151545
0.863386
0.163075
0.826652
0.111114
0.203406
0.02258
0.50626
0.229106
0
0.817939
0.625415
0.676806
0.315433
0.413323
0.392802
0.862417
0.449897
0.792875
0.675951
0.086361
0.279979
0.197624
0.797569
0.729095
0.626865
0.360206
0.801686
0.154141
0.746924
0.161536
0.021378
0.157095
0.771812
0
0.810354
0.868685
0.77043
0.525649
0.646705
0.364115
0.121218
0.248931
0.065846
0.286738
0.836726
0
0.076674
0
0.687076
0.177635
0.786945
0.82104
0.865563
0.739654
0.863962
0.33993
0.861921
0.864314
0.769383
0.000175
0.871301
0.12715
0.756962
0.806453
0.78296
0.172336
0.230396
0.723224
0.145364
0.208138
0.247192
0.159957
0
0.146797
0
0.579229
0.081988
0
0.14113
0.285778
0.08858
0
0
0.06646
0.783178
0.149044
0
0.861921
0.188637
0.606268
0.263792
0.172186
0.528075
0.355822
0.111588
0.190968
0.197838
0.861921
0.398448
0.544548
0.21939
0.634684
0.195164
0.702272
0.754409
0.525151
0.598089
0.504299
0.739283
0.389583
0.861921
0.139516
0.33622
0.104259
0.701915
0.72135
0
0.759572
0.79464
0.849711
0.524854
0
0.427141
0.167494
0.449897
0.127032
0.388016
0.954403
0.306854
0.183323
0.186031
0.490987
0.748746
0.861921
0.144548
0.753385
0.175303
0.37498
0.07353
0.042151
0.691065
0.844934
0.008129
0.247192
0.863855
0.88568
0.153006
0.20725
0.863962
0.811943
0.735955
0.214037
0.675176
0.039436
0.83329
0.171565
0.863962
0.863962
0.859381
0.648116
0.3782
0.845797
0.429204

0.621422
0.639855
0.25119
0
0.883107
0.793283
0.121432
0.533542
0
0.941271
0.489757
0.734786
0.639249
0.436239
0.68841
0.842571
0.892084
0.318721
0.787508
0.781636
0
0.636002
0.1893
0.823754
0.907738
0.271863
0.572226
0.809136
0.7303
0.611122
0.80693
0.526572
0.861921
0.340847
0.02186
0.71205
0.145844
0.900861
0.57388
0.144548
0.223681
0.388603
0.82154
0.138787
0.6218
0.238015
0.754692
0
0.861921
0.727
0.617839
0.053915
0.833384
0.053808
0.075684
0.861921
0.631275
0.839171
0.426058
0.110446
0.012413
0.798065
0.699223
0.861921
0.136539
0.454723
0
0.740162
0.165698
0.748581
0.210984
0.442205
0
0.175604
0.761995
0.846207
0.177888
0.46248
0.1016
0.880497
0.267711
0.134936
0.24474
0
0.211679
0.032638
0.732828
0.782632
0.070888
0
0.081388
0.196834
0.08942
0.863962
0.598106
0.742062
0.883505
0.115897
0.224805
0.916667
0
0.219117
0.861921
0.816779
0.11714
0.860007
0.238573
0.49518
0.007043
0.863962
0.092104
0.020197
0.222682
0.861921
0.863962
0.835676
0.8094
0.148361
0.84507
0.249233
0.267681
0.890646
0.860736
0.571643
0.745005
0.148831
0.097383
0.895776
0
0.284293
0.371745
0.575779
0.764398
0.161656
0.82201
0.860736
0.159259
0.685501
0.085552
0.678508
0.868939
0.255495
0.084628
0.539107
0.144548
0.36943
0.725753
0.861921
0.118952
0.170978
0.833588
0.78306
0.195951
0.668522
0.876319
0.861921
0.804022
0.172238
0.219503
0.064156
0.573343
0.378336
0.103577
0.107698
0.785395
0.332685
0.024827
0.788999
0
0.195001
0.3827
0.123518
0.859997
0.654292
0.863962
0.722887
0.785304
0.600813
0.089608
0.186479
0.443926
0.075665
0.893234
0.817045
0.574423
0.863962
0.860736
0.861921
0.879322
0.196393
0.364498
0.830017
0.863962
0.859468
0.772583
0
0.861921
0.861921
0.137378
0.193407
0.397004
0.859935
0
0.09986
0.77851
0.755189
0.176662
0.140155
0.65781
0
0.838011
0.9143
0.760082
0
0.364064
0.767813
0.874321
0.859935
0.882709
0.318501
0.267793
0.391512
0.104699
0.243689
0.843194
0.240806
0
0.641126
0.127574
0.469123
0
0.063106
0.117393
0.413541
0.779419
0
0.797569
0.126643
0.65508
0.801686
0.624161
0.798216
0.856277
0
0.189918
0.861921
0.347406
0.850817
0.864158
0.790786
0.863493
0.860736
0.658536
0.118369
0.831418
0.303261
0.732102
0.82118
0.582661
0.412762
0.860429
0.228068
0.059405
0.886136
0.148963
0.109226
0.949592
0.3427
0.167242
0.628867
0.425557
0.916667
0.246839
0.41908
0.630618
0.775175
0.18725
0.3904
0.094478
0.67238
0.854614
0.13426
0.103366
0.785854
0.826912
0.863962
0.856277
0.825301
0.561159
0.829744
0.061334
0.439394
0.770799
0
0.542749
0.403787
0.784607
0.561532
0.852215
0.761995
0.861921
0.003485
0.76855
0.84398
0.90251
0.861921
0.812239
0
0.824998
0.32538
0.471779
0.861921
0.129957
0.142466
0.114194
0.916667
0.863962
0.729814
0.790752
0.863962
0.691468
0.090486
0.684621
0.151545
0.33602
0.065865
0.717257
0.832014
0.816791
0.818398
0.833515
0.735434
0.201098
0.417226
0
0.614029
0.566922
0.413858
0.824998
0.809506
0.441392
0.315235
0.876395
0.849239
0.817256
0.797362
0.530941
0.738946
0.433335
0.569796
0.746743
0.647088
0.786456
0.861921
0.561845
0.011272
0.148831
0.203175
0.228441
0.298057
0.861921
0.833973
0
0.453378
0.145114
0.027181
0.807843
0.62015
0.486819
0.258374
0.199144
0.076004
0.4883
0.16059
0.144946
0.012543
0.151545
0.147258
0.655233
0.153006
0.186302
0.254729
0.150091
0.020712
0.298057
0.151545
0.224623
0.064018
0.144687
0.222711
0.153006
0.200166
0.478669
0.85852
0.037288
0.270049
0.153006
0.095654
0.225487
0.100082
0.532921
0.180916
0.511292
0.180916
0.191875
0.153006
0.789883
0.147803
0.137609
0.091762
0.167933
0.199144
0.020782
0.253945
0
0.151545
0.720718
0.36029
0.550027
0.151545
0.148556
0.163751
0.345121
0.842912
0.058161
0.228941
0.079893
0.199144
0.120881
0.037308
0
0.164741
0.268933
0.148831
0.148831
0.335587
0.383465
0.241641
0.174455
0.140322
0.139906
0.237065
0.152671
0.137609
0
0.249183
0.510122
0.242695
0.151545
0.274389
0.133745
0.332847
0.063314
0.18909
0.249275
0.222279
0.131832
0
0.148831
0.127574
0
0.274389
0.191716
0.157715
0.151545
0.193434
0.015692
0.153006
0.213428
0
0.081033
0.247874
0.222682
0.329712
0.242695
0.151545
0.104367
0.150725
0.027526
0.159365
0.342753
0.105991
0.01571
0.230032
0.389098

0.164527
0.262036
0.123917
0.230952
0
0.431237
0.37702
0.180073
0.27724
0.863962
0.215713
0.618694
0.26394
0.030063
0.22074
0.215347
0.385815
0.181813
0.133745
0.383497
0.125805
0.08816
0.309067
0.168755
0.160091
0
0.148831
0.306001
0.241948
0.072192
0.027606
0.117877
0.552593
0.23009
0.103309
0.383166
0.081388
0.072192
0.358015
0.851807
0.075072
0.101408
0.12345
0.120119
0.137353
0.229354
0.153006
0.798629
0
0.387074
0.149992
0.137609
0.137609
0.0126
0.092236
0.092236
0.063782
0.128121
0.22088
0.128639
0.305493
0.298195
0.128121
0.08486
0.139906
0.151545
0.31152
0.137609
0.290002
0.035076
0.002987
0.149771
0.141448
0.281273
0.151545
0.151545
0.051351
0
0.006286
0.265508
0.119093
0.175305
0.189988
0.239237
0.153006
0.164527
0.305007
0.137294
0.212664
0.075106
0.530771
0.207376
0.172186
0.065957
0.168452
0.137609
0.131348
0.194122
0.20454
0.00909
0.23814
0.04163
0.110439
0.305007
0.098936
0.147949
0.181247
0.667075
0.06091
0.800269
0
0.29086
0.443291
0.217069
0.118674
0.135579
0.150487
0.84631
0.022619
0.128155
0.219497
0
0.248774
0.086187
0.247297
0.160704
0.137609
0.3778
0.203649
0.07925
0.100228
0.059373
0.126512
0
0.310145
0.3257
0.151545
0.479211
0
0.58971
0
0.137609
0.263549
0.234336
0.001347
0.024169
0.157663
0.425794
0.014338
0.218904
0.106504
0.230733
0.534144
0.167368
0.248774
0.103951
0.379754
0.193434
0.099057
0.148831
0.131635
0.206941
0.162623
0.28082
0.041276
0.327122
0.203175
0
0
0.130318
0.203175
0.089231
0.071901
0.328988
0.035156
0.248774
0.53312
0
0.150223
0
0.157322
0
0.075994
0
0.151545
0.308525
0
0.347792
0.151545
0.422521
0.137609
0.140322
0
0.137609
0.284293
0.151545
0.130444
0.203175
0.640174
0.295016
0.861527
0.212347
0.211118
0.423714
0
0.076415
0.199858
0.140436
0.163188
0.140481
0.144215
0.147237
0.191313
0.153006
0.090281
0.11592
0.050995
0.107103
0.017189
0.221284

0.573425
0.151545
0.172336
0.066175
0
0.094899
0.336753
0.193132
0.278736
0.03733
0.151545
0.223359
0.161165
0.096937
0
0.131747
0.948129
0.534144
0.208138
0.136391
0.330953
0.144548
0.183505
0.177898
0.151545
0
0.163245
0.148831
0.140613
0.065467
0.040554
0.059009
0.183505
0.024743
0.248928
0.178254
0.160451
0.087127
0.178596
0.111478
0
0.183505
0.097965
0
0.02851
0.152454
0.269367
0.186693
0.017065
0
0.216445
0.288895
0.142466
0.281603
0.074763
0.242115
0.153006
0.153006
0.140322
0.11058
0.861921
0.091048
0
0.705776
0.242115
0.20419
0.316769
0.577488
0.02099
0
0.148831
0
0.822752
0.261043
0.215137
0.039685
0.153006
0.267251
0.105784
0.192758
0.007559
0.142845
0.817256
0.55417
0.174273
0.133262
0.258139
0.248851
0.047942
0.095821
0.008799
0.802573
0.196862
0.044023
0.265751
0.008611
0.036271
0.142024
0.160451
0.060141
0.499151
0.303718
0.157916
0.239927
0.165614
0.160451
0.197624
0.33716
0.205094
0.230751
0.161228
0.176146
0.081131
0.347183
0.615766
0.242449
0.37996
0.120717
0.083372
0.008611
0.064292
0.139906
0.069303
0.151545
0.037811
0.205925
0.132778
0.239927
0.1508
0.843194
0.138557
0.151545
0.01657
0.425948
0.263419
0.153006
0.364869
0.150091
0.114402
0.111169
0.15056
0.180348
0.370634
0.082077
0.151545
0.04573
0.149188
0.049802
0.252982
0.263379
0.234273
0.186407
0.289844
0.060083
0.589083
0.151669
0.150725
0.012354
0.268474
0.063312
0.256636
0.148831
0.424675
0.15792
0.207234
0.32045
0.035642
0.584286
0.321929
0.047486
0.04215
0.288722
0.084372
0.148831
0.122687
0.281793
0.049761
0.251813
0.120982
0.145094
0.163216
0.156382
0.138628
0.172441
0.239927
0
0.234841
0.037024
0.44385
0.108033
0.21693
0.23568
0.236387
0.134669
0.012543
0.579517
0.238842
0.42102
0.137609
0.144687
0.144548
0.139906
0.079869
0
0
0.227873
0.260142
0.024825
0.137609
0.005796
0.255659
0
0.150725
0.15725
0.244315
0.137256
0.109452
0.489385
0.499903
0.168592
0.518946
0.218401
0.234932
0.118731
0.149512
0.073995
0.76918
0.863962
0.103102
0.305621
0.73395
0.222682
0.156691
0.533704
0
0.064759
0.023628
0.160168
0.0512
0.173202
0.453179
0.84066
0.270896
0.836381
0.102437
0.21693
0.500253
0.110061
0.056172
0.864773
0.652824
0.860389
0.121756
0.804434
0.148831
0.227115
0.416259
0.148831
0.201602
0.137609
0.151545
0.134669
0.384403
0.675496
0
0.577249
0.209931
0.137603
0.111207
0.863962
0.215278
0.108151
0.079756
0.648729
0.107345
0.085636
0.205113
0.059599
0.077107
0.203068
0.225112
0.435894
0.113654
0.09882
0.297281
0.107323
0.139575
0.133179
0
0.082724
0.83511
0.05224
0.715343
0.40433
0.129677
0.526548
0.60415
0.422101
0.267338
0.342039
0.108151
0.117542
0.138124
0.217399
0.658503
0.15725
0.095315
0.196694
0.101688
0
0.02533
0.142751
0.112654
0.241512
0.148831
0.687963
0.064784
0.164705
0.083524
0.292832
0.273919
0.268592
0.118079
0.178165
0.250285
0.222795
0.554563
0.198928
0.181353
0.486127
0.650374
0.310975
0.176512
0.570003
0.139549
0.540037
0.209343
0.370215
0.150296
0.108151
0.089167
0.411085
0.117074
0.151545
0.523822
0.114101
0.111151
0.148831
0.143029
0.19927
0.144461
0.440245
0
0.239015
0.151135
0.107362
0.023396
0
0.084831
0.087437
0.076784
0.124544
0.191191
0
0.226613
0.269123
0.29853
0.547865
0.120058
0.15428
0.262439
0.391368
0.107345
0.179658
0.114101
0.148831
0.085691
0.084427
0.129737
0.49234
0.159308
0.076353
0.016939
0.131208
0.077536
0.167356
0.233028
0.101348
0.14674
0.551742
0.238831
0.109368
0.105203
0.214159
0.115142
0
0.374517
0.132788
0.381342
0.133547
0.108927
0.405049
0.324134
0.342616
0.149272
0.113439
0.199075
0.123334
0
0.352984
0.174745
0.060483
0.067432
0.547513
0.294336
0.27942
0.476433
0.148133
0.12673
0.108151
0
0.124544
0.849772
0.17392
0.218825
0.2901
0.228975
0.205113
0.602345
0.256004

0.192477
0.292603
0.118057
0.244297
0.298073
0.120058
0
0.350505
0
0.294021
0.102377
0
0.137048
0.087349
0.325313
0.14674
0.079441
0.335001
0.070099
0.185952
0.101099
0.204513
0.338033
0.150872
0.882138
0.126034
0.104664
0.493995
0.107345
0.107345
0.108151
0.076871
0.149957
0.115373
0.124544
0.112724
0.098191
0.216082
0.126324
0.10894
0.080789
0.117672
0.085636
0
0.107345
0.12283
0.114101
0.107345
0.165777
0.280411
0.20282
0.107345
0.090722
0.136665
0.206855
0.108151
0.235042
0.514758
0.157595
0.114101
0.225802
0.519487
0.259066
0.119955
0.202016
0.140367
0.033135
0.366937
0.115196
0.174822
0.328079
0.273728
0
0.13406
0.393891
0.125178
0.079893
0
0
0.114101
0.203078
0.083524
0.104712
0.225624
0.151586
0.100341
0.338289
0.114101
0.237689
0.063892
0.099271
0.222999
0.363904
0.342403
0.180019
0.335218
0.204751
0.409045
0.301429
0.44532
0.088331
0.173399
0.207311
0.411098
0.293143
0.395395
0.256565
0.112654
0.068034
0
0.088006
0.231479
0.767813
0.071714
0.171951
0.084354
0.254082
0.079888
0.044359
0.154274
0.310578
0.173466
0.101348
0.091354
0.133567
0.19766
0.114101
0.120516
0.007997
0.362396
0.109478
0.103977
0.145672
0.102785
0.355674
0.189696
0.085636
0.191333
0.074402
0.07532
0.034022
0.454503
0.42437
0.383311
0.132101
0.139579
0.466614
0.120248
0.345345
0.181293
0.841518
0.14381
0.07532
0.280993
0.237094
0.061115
0.13512
0.110474
0.164527
0.059299
0.157712
0.1948
0.074402
0.182449
0.065552
0.274924
0.92027
0.10664
0.223597
0.104777
0.065085
0.07578
0.040951
0.183666
0.163318
0.040834
0.079682
0.07168
0.762707
0.144511
0.20487
0.133355
0.679263
0.242302
0.097823
0.09818
0.223906
0.805361
0.0883
0.61633
0.129705
0.458171
0.119319
0.158548
0.07532
0.113566
0.281412
0.099824
0.072733
0.465277
0.082784
0.090332
0.074402
0.04102
0.2458
0.495077
0.284966
0.281461
0.370194
0.043166
0.758975
0.049151
0.451389
0.01867
0.083092
0.3848
0.400022
0.074402
0.265924
0.158453
0.077632
0.509943
0.438684
0.192015
0.108072
0.106828
0.569144
0.065883
0.216111
0.31803
0.374452
0.232331
0.105787
0.294682
0.351929
0.125834
0.074402
0.169418
0.117605
0.098685
0.086153
0.085091
0.089675
0.115003
0.38836
0.140066
0.083209
0.580784
0.627423
0.44033
0.109424
0.097658
0.144925
0.074402
0
0.170341
0.57072
0.851864
0.072658
0
0.122833
0.13182
0.262879
0.085679
0.399458
0.431601
0.500937
0.148858
0.525555
0.710657
0.031513
0.256104
0.12402
0.210689
0.240326
0.612026
0.581886
0.205396
0.24884
0.22914
0.181919
0.153289
0
0.025748
0.13113
0.059132
0.066691
0.061226
0.860394
0.796601
0.020554
0.483222
0.676276
0.790557
0.261477
0.535856
0
0.185824
0.204282
0.151545
0.311349
0.932755
0.129677
0.198031
0.29072
0.210271
0.10154
0.152766
0.185824
0.229661
0.148831
0.113257
0.162656
0.151545
0.32419
0.085216
0.552961
0.445127
0.148831
0.717222
0.840808
0.526572
0.205094
0.870265
0.21968
0.161085
0.138495
0.144548
0.204282
0.830904
0.204282
0.144548
0.278104
0.29072
0.133907
0.148831
0
0.456008
0
0.185824
0
0.684777
0.14856
0.350765
0
0
0.027333
0.582577
0.038124
0.856277
0.185824
0.937488
0.066691
0.173515
0.428835
0.568336
0.104864
0.411939
0.123244
0.202324
0
0
0.151545
0.285205
0.388862
0.185824
0.527407
0.204282
0.180664
0.066691
0.125349
0.175707
0.784859
0.185824
0.163381
0.185824
0
0.234085
0.42919
0.036551
0.139144
0
0
0
0.482991
0.144094
0.423374
0.151545
0.861921
0.188193
0.129419
0.227585
0.20541
0.126379
0.148831
0.359554
0.292653
0.825054
0.877991
0.226242
0.126593
0.149373
0.280077
0.217039
0.240083
0.287372
0.140216
0.081694
0.205929
0.019498
0.066145
0
0.357397
0.184446
0.546213
0.291584
0.216757
0.090481
0.144703
0.485702
0.238004
0.863829
0.043829
0.148831
0.081626
0.148831
0.517027
0.218054
0.173745
0.144548
0.151545
0.068073
0.239048
0.348739
0.402977
0.221217
0.148831
0
0.101241
0.148831
0.223565
0.178056
0.272658
0.247618
0.289518
0.254961
0
0.008749
0.301487
0.23937
0.208593
0.200769
0.400958
0.190233
0.101967
0.22172
0.287372
0.151545
0.513849
0.172739
0.059146
0.26453
0.719531
0.062037
0.503241
0
0.01366
0
0.248774
0.248774
0
0.02258
0.151135
0.039063
0.335438
0.159288
0.151545
0.151545
0.287912
0.509204
0
0.148831
0.151545
0.2811
0.081361
0.137654
0.047105
0.14146
0.151545
0
0.227036
0
0
0.140556
0.151545
0.019016
0.180468
0.447922
0.335157
0.287661
0.37549
0
0.144548
0
0.151545
0.863962
0
0.335157
0.143684
0.169841
0.155019
0.05242
0.15487
0.149969
0.102027
0.354242
0.201562
0.149051
0.260968
0.244715
0.171482
0.316562
0.21915
0.436189
0.657999
0.119231
0.735592
0.265878
0.279067
0.159365
0.170357
0.04286
0
0.204799
0.08544
0.25425
0
0.469434
0.269057
0.67312
0.701781
0.279811
0.301033
0.051789
0.177307
0.153011
0.300038
0.378794
0.239056
0.576667
0.135737
0.640167
0.083868
0.793457
0.151545
0.392495
0.157298
0.310013
0.246965
0.554472
0.731265
0.382034
0.733079
0.230223
0.177957
0.238573
0.151545
0
0.66247
0.148831
0.335157
0.212062
0.093213
0.485368
0.551223
0.145776
0.958346
0.113498
0.225836
0.153053
0.141863
0.331637
0.187466
0.423388
0.065104
0.151545
0.871445
0.413047
0.102296
0
0.635508
