0
0.079608
0.029869
0.181337
0.033477
0.079775
0.069136
0
0.078556
0.003105
0.106271
0.061094
0.013099
0.058186
0.020874
0.072945
0.872967
0
0.257317
0.048557
0.023719
0.386787
0.112312
0.060979
0.069679
0
0.022978
0.247098
0.129195
0.165151
0.066237
0.003356
0
0.100288
0.013559
0.010251
0.061775
0.010905
0.005824
0.294721
0.072945
0.023077
0.171907
0.131836
0.023212
0.064637
0.038134
0
0.051536
0.088303
0.069179
0.097411
0.003143
0.006282
0.10362
0.072945
0.056747
0
0.245276
0.02083
0.124205
0.111273
0.063072
0.091239
0
0.168897
0.056869
0.097245
0.054729
0.0243
0.144398
0.144685
0.011458
0.098841
0.077654
0.056781
0.058548
0.005487
0.008087
0.115928
0.090852
0.097942
0.07646
0.012807
0.21092
0.137707
0.327642
0
0.079194
0
0.071771
0.10869
0.073465
0.062501
0.023982
0.040593
0.193828
0.04618
0.080505
0.08137
0.19736
0.078571
0.015339
0.013435
0.056515
0
0.071098
0.109363
0.319125
0.063775
0
0.013221
0.113979
0.241802
0.003121
0.358937
0
0.080056
0.169647
0.016103
0.08183
0.251265
0.183825
0
0.079431
0.064459
0
0.187148
0.031589
0.105229
0
0.245779
0
0.3508
0.079221
0.124735
0.253388
0.13907
0
0
0.141185
0.063189
0.030695
0.141281
0.152161
0.13757
0.06758
0.056765
0.053485
0.012007
0.172791
0.026548
0.15207
0.004745
0.633106
0.095383
0.12848
0.067252
0.112678
0.31569
0
0.347037
0.018146
0.014481
0
0.134676
0.054619
0.079148
0.149444
0.072945
0.216594
0.020725
0.091321
0.290285
0.185911
0.080578
0.52896
0
0.022982
0.027227
0.092488
0.107533
0.004291
0.016913
0.139462
0
0.079308
0.081678
0.053702
0
0
0.532013
0.176966
0.327642
0.074434
0.178944
0.002997
0.058503
0.075637
0.083272
0.028738
0.088535
0.103331
0.081717
0.059492
0.053718
0.109167
0.455912
0.077266
0
0.066128
0.011103
0.591684
0.190605
0.160709
0.005606
0.195885
0.162482
0.097291
0.019563
0.112656
0.088233
0.012223
0.077654
0.041399
0.017388
0.498186
0.5196
0.137039
0.084874
0.187935
0.777778
0
0.016891
0.103584
0.105645
0.115543
0.065031
0.346657
0.209026
0.334337
0.19128
0.030814
0.069132
0
0.114888
0.04959
0
0.054901
0.132527
0.039217
0.559352
0.019968
0
0.077654
0.099796
0.004494
0.01266
0.096591
0.128128
0.01596
0.097455
0.604573
0.217538
0.028349
0.409443
0.051488
0.052584
0.215038
0.0911
0.069251
0.033595
0.07845
0.073968
0.109167
0.395427
0.067532
0.004227
0.055479
0.118923
0.092473
0.025948
0.025799
0.019987
0.148732
0.295817
0.001209
0.004405
0.057665
0.085988
0.09262
0.149999
0.066581
0.029118
0.00083
0.025164
0.082178
0.028384
0.019616
0.049753
0.015839
0.100759
0.116891
0.111384
0.31255
0.144148
0.081846
0.019755
0.126299
0.027564
0.068904
0.123878
0.002255
0.03508
0.041205
0.087054
0.104866
0.059763
0.012605
0.220207
0.050717
0.02625
0
0.166928
0.057681
0.375159
0.230709
0.065962
0.041262
0.040227
0.217538
0.040853
0.007249
0.050113
0.035167
0.092523
0.101018
0.174539
0.434733
0.199516
0.036078
0.04647
0.078108
0.00419
0.107643
0.217538
0.002535
0
0.31933
0
0.439269
0.014404
0.188466
0.115359
0.241758
0.080093
0.072209
0.078026
0.009474
0.006824
0.072945
0.075067
0.037688
0.136177
0.015728
0.163741
0.148955
0.003723
0.004942
0
0.32703
0.176933
0.100087
0.014146
0.142046
0.010786
0.030422
0.024122
0.013588
0.026612
0.249676
0.049391
0.074744
0.002988
0
0.165998
0.16263
0.170109
0.077373
0
0.002474
0.234755
0.008792
0.020513
0.107914
0.166536
0.073918
0.001195
0.44565
0.295738
0.018966
0.248871
0.074352
0.124768
0.037505
0.047618
0.078108
0.036779
0.078762
0.229495
0.017333
0
0.060987
0.07948
0.388374
0.014796
0.109426
0.004744
0.122556
0
0.10777
0.217538
0.094177
0.052687
0.092192
0.076952
0.19356
0.07049
0.082874
0.101489
0.074744
0.415145
0.350519
0.00437
0.049657
0.056293
0.021978
0
0.371946
0.486103
0.101747
0.021158
0.082256
0.016443
0.200398
0.106951
0.248249
0.073602
0.008292
0.045945
0.030525
0.077342
0.001258
0.140903
0.024774
0.100323
0.055628
0.0459
0.170624
0.015183
0.070964
0.025958
0.093255
0.085888
0.007058
0.072998
0.931034
0.209524
0.004281
0.142224
0.040477
0
0.084788
0.073373
0.100026
0.153606
0
0.100102
0.069821
0.20467
0.164798
0.085426
0.081405
0.018345
0.088069
0.309878
0.212346
0.024183
0.103226
0.095044
0.057046
0
0.244304
0.007728
0.056713
0.200109
0.083724
0.324524
0
0.066361
0.024474
0.0047
0.008779
0
0.235371
0.079119
0
0.145075
0.076218
0.025577
0.048144
0.090231
0.031065
0.018469
0.056461
0.077718
0.024342
0.02454
0.282845
0
0.004308
0.074744
0.043647
0.104249
0.04789
0.039414
0.028496
0.066501
0.061748
0.187453
0.026921
0
0.014218
0.106025
0.106611
0.006844
0.130934
0.020876
0.002759
0.441108
0.078697
0.441108
0.513281
0
0.15759
0.039575
0.042223
0.043906
0.099091
0.313726
0.09299
0.090598
0.019919
0.113134
0.081456
0.0575
0.016907
0.074744
0.10015
0.087045
0.126221
0.066776
0.058437
0.014312
0.100503
0.013081
0.077654
0.149684
0.154666
0.016233
0.301642
0.306482
0.213767
0.133959
0.198484
0.166102
0.392022
0
0.0442
0.0863
0
0.083648
0.046598
0.024674
0.012964
0.009709
0.086881
0.015747
0.027819
0.931034
0.115417
0.077654
0.010358
0.094361
0.066146
0.344236
0.077654
0
0.591684
0.198285
0.034344
0.003814
0.009936
0.039187
0.154701
0.203574
0.0031
0.012119
0
0
0.077205
0.321532
0.009608
0.007837
0.007513
0.122546
0.03867
0.055058
0
0.034519
0.119429
0.107039
0.052092
0.03715
0.041766
0.409937
0
0.190025
0.276287
0.337002
0.106624
0.337002
0.004495
0.064018
0.056329
0.188657
0.044002
0.027138
0.143089
0.223648
0.00942
0.150538
0.08123
0.141373
0.008313
0.046309
0.009612
0.158774
0.047798
0.015496
0
0.111751
0.125538
0.246089
0.011391
0.035695
0.129609
0.337002
0.035789
0.126911
0.312869
0.066654
0.052092
0.033125
0.012473
0
0.051213
0.062415
0
0.083815
0.006596
0.039808
0.278308
0
0.061062
0.204438
0.120633
0
0.032883
0.208437
0.093336
0.337002
0.036263
0.050729
0.156616
0.559402
0.385998
0.202211
0
0.007483
0.276354
0.008513
0.10694
0.088189
0
0.052359
0.005347
0.109092
0.342255
0.013561
0.042273
0.242118
0.072945
0.128908
0.069856
0.015608
0.053
0.017011
0.039673
0.010215
0.312214
0.60834
0.027637
0.157965
0.196019
0.122004
0.333755
0.457097
0.191565
0.047483
0.028216
0.033797
0.282476
0.535542
0.139046
0.039106
0.145075
0.132588
0
0.093564
0.224121
0
0.038927
0.025909
0.04035
0.074744
0.331723
0.224514
0.038986
0.098251
0.207797
0.146158
0.105039
0.079391
0.132905
0.091192
0.030287
0.117625
0.066484
0.094881
0.078405
0.383133
0.410217
0.388744
0.071226
0.064785
0
0
0.156872
0.007619
0.165181
0
0.062544
0.00254
0
0.005135
0.019666
0.015052
0.037199
0.218254
0.050087
0
0.050886
0
0.057307
0.084286
0.072945
0.054523
0.324684
0.026885
0.337993
0.072945
0.088104
0.112019
0.027603
0.007799
0.084179
0.395476
0.058949
0.161397
0
0.388856
0.017593
0.074744
0.097919
0
0.00254
0.159279
0.049138
0.021505
0
0
0.053711
0.206524
0.260415
0.426579
0.074744
0.173052
0.0278
0.074744
0.010856
0.061695
0.038348
0
0.241993
0.017229
0.196767
0.080093
0.078041
0.205161
0.033243
0.046053
0.470924
0.051
0.022115
0.005617
0.189431
0.052742
0.236325
0.018618
0.174748
0.181074
0.015217
0.115768
0.077654
0.065898
0.089331
0.061795
0.080385
0.008075
0.080385
0.080298
0.065261
0.002823
0.395973
0.01831
0.005829
0.18695
0.066283
0.072945
0.11227
0.010708
0.055311
0.003769
0.016579
0.085276
0
0.108197
0.10407
0.027248
0.04804
0.186916
0.061603
0
0.122324
0
0.009984
0.050729
0.024644
0.108621
0.377838
0.036648
0.11914
0.262636
0.074857
0.199838
0.011402
0.060237
0.108872
0.231793
0.001641
0.029346
0.246219
0.035564
0
0.114191
0.147308
0.089678
0.046768
0.074744
0.107292
0.018411
0.016457
0.115564
0.01442
0.248698
0.023341
0.494534
0.334337
0.075285
0
0.028388
0.129234
0.027555
0
0.031419
0.0475
0.160109
0.066963
0.06246
0.013325
0.032883
0.074744
0.028286
0.006347
0.011021
0.066709
0.035254
0.712233
0.055621
0.081188
0.031425
0.162482
0.027127
0.030615
0.139462
0.058655
0.039956
0.076087
0.046006
0.080578
0.024919
0.040111
0.044972
0.063664
0.022496
0.006186
0
0.23455
0.013233
0.006074
0.008597
0.002886
0.003839
0
0.042906
0.17902
0.033779
0.101429
0.049384
0.134506
0.016876
0
0.028998
0.175454
0.013841
0.052112
0.019522
0.036895
0.090438
0.117045
0.016881
0.025202
0.023527
0.068728
0.244184
0.020604
0.079497
0.001642
0.016489
0.179706
0.064947
0.12316
0.071028
0.087106
0.242029
0
0.113625
0.05709
0.124324
0
0.005748
0.164334
0.079267
0.250969
0.007444
0.016068
0.20962
0.107011
0.370405
0.137725
0.088973
0.016098
0.052053
0.012462
0.048635
0.080068
0.044866
0.233824
0.176333
0.011136
0.052449
0.35899
0.082808
0.248079
0.007874
0.077992
0.014
0.020363
0.094246
0.020019
0.009282
0.430704
0.257033
0.077892
0.082834
0
0.066375
0.104081
0.014201
0.010317
0.137289
0.286648
0.026693
0.204981
0.128377
0.035529
0.169714
0.058777
0
0
0.022042
0.205718
0.054732
0.095993
0.063564
0.008008
0.055178
0.931034
0
0.353487
0.039366
0.008926
0.011871
0
0.021816
0.003799
0.410856
0.066573
0.03721
0.013041
0.228486
0.004087
0
0
0
0
0.043982
0
0.008172
0.040629
0.358174
0.004249
0.064655
0.052978
0.099226
0
0.003866
0.057794
0.020481
0.074744
0.219524
0.012609
0.009613
0.007515
0.028652
0.074744
0.03046
0
0.063866
0.014536
0.21148
0.017989
0.084293
0.416447
0.181593
0.002705
0.005238
0.086188
0
0
0.016285
0
0.051402
0.296698
0.067577
0.01738
0.181951
0
0.00705
0.166893
0
0.003143
0
0.22918
0.206661
0.008454
0.008454
0.210168
0.05692
0.107339
0.031596
0
0.025583
0.01851
0.064141
0
0.049108
0.008884
0
0.013795
0.130993
0.040369
0
0.015084
0.094381
0.002373
0.097264
0.164113
0.068026
0
0
0
0.198209
0
0.260161
0.006855
0.931034
0.003143
0.004119
0.171813
0.058186
0.002535
0.009579
0
0.001179
0.180328
0.05706
0.03749
0.0577
0.097488
0.049384
0.002437
0.209978
0
0
0.060678
0.002148
0.08976
0.003357
0.036147
0.003994
0.267598
0.011686
0.11708
0.056444
0
0.007145
0.453043
0.154068
0.004327
0.050394
0.102815
0.260992
0.002588
0.047469
0.080113
0.68943
0
0.244766
0.098203
0.046368
0.070714
0.03848
0.100101
0.019354
0.16776
0.061141
0.043279
0.058606
0.003473
0.02935
0.033328
0.062875
0.015747
0
0.578493
0
0.145501
0.536869
0.050284
0.0311
0.008714
0.168567
0.00181
0.164115
0.010551
0.078108
0.003143
0.034094
0.180115
0.13692
0.039573
0.114487
0.066254
0.089301
0.151607
0.212916
0.023617
0.003568
0.372995
0.074744
0.107609
0.022317
0
0.138883
0.039573
0
0.128511
0.145671
0.138883
0
0.332044
0.008919
0.07599
0.008661
0.142404
0.167571
0.047315
0.023946
0.012467
0.039573
0.043566
0.13139
0.067982
0.291164
0.058096
0
0.060534
0.008454
0.066962
0.013692
0.063744
0.163828
0.005103
0.011608
0.003143
0.269381
0.112593
0.180612
0
0
0
0.034175
0.034175
0.039366
0.007637
0.008575
0
0
0.153458
0.026088
0.168375
0.069704
0.003143
0.271405
0.01452
0.010926
0.082707
0
0.39129
0.10043
0.039573
0.058117
0.336771
0.001834
0
0.045134
0.160424
0.010367
0.367468
0.097564
0.077654
0.016838
0
0
0.095814
0.022529
0
0.000646
0.088992
0.40354
0.010389
0.061601
0.106934
0.210199
0.146614
0.167141
0.106734
0.191889
0.003633
0.10114
0.079431
0.081546
0.158615
0.200091
0.163651
0.087381
0.042295
0.350835
0.276711
0.003494
0.014796
0
0.062266
0.003143
0
0.021219
0
0.016136
0.077373
0.013469
0.030889
0.032252
0.013563

0.216312
0.000452
0.034525
0
0.049883
0.064829
0.169544
0.043015
0.014209
0.039956
0.016009
0.004494
0.017941
0.219412
0.075923
0.009577
0.604862
0.311478
0.088971
0.102738
0.086788
0.082258
0.083806
0.000563
0.122976
0.002165
0
0.139296
0.044038
0.033474
0.127333
0.227718
0
0.05827
0
0.003141
0.274671
0.166271
0.134441
0.072945
0
0
0
0.069852
0.009754
0.003217
0.021018
0
0.043227
0.054732
0.152891
0.931034
0.027159
0.139236
0.008792
0.054022
0.417069
0.33493
0.024766
0.015078
0.082971
0.074744
0.308131
0.180963
0.02632
0
0.484988
0.03239
0.021071
0.101997
0
0.067099
0.006775
0
0.013726
0.199812
0.076885
0.054325
0.006649
0
0.016275
0.00505
0.266978
0.048192
0.502009
0.024624
0
0.077741
0.003143
0.068181
0
0.0577
0.017721
0.168341
0.102335
0.032381
0.007661
0.040384
0
0.107129
0
0.00307
0.017589
0.315409
0.001597
0.222123
0
0.256372
0.056774
0.010521
0.385584
0.004494
0.022853
0.296699
0.233601
0.21123
0.018144
0.168912
0.02139
0
0.109508
0.219524
0
0.147262
0.017314
0
0.0186
0.05471
0.013692
0.077654
0.144685
0.320669
0.135936
0.038949
0.024385
0.212422
0.016403
0.054203
0.056145
0.008792
0
0.043995
0.076866
0.107257
0.197107
0.062167
0.118116
0.063102
0.004871
0.091614
0
0
0
0
0.107786
0.074744
0.400983
0.220738
0.013478
0.062746
0.028368
0.096867
0.02503
0.08432
0.120785
0.077108
0.076458
0.042906
0.074189
0
0.025698
0.216247
0.20336
0.148129
0.039189
0.074744
0.064
0.057158
0.001325
0.03962
0
0.036249
0.071776
0.004409
0
0.201447
0.509199
0.153004
0.085575
0.216894
0.089922
0.002535
0.063263
0
0.057424
0.200554
0.362013
0.266896
0.019987
0.017974
0.285493
0
0.057233
0.008811
0.361498
0.000792
0.004494
0.028931
0.033684
0.037564
0.077565
0.014402
0.012703
0.033247
0.03301

0.221977
0.157068
0.074744
0.050338
0.003106
0.042071
0.064121
0.171882
0.01296
0.002321
0.10409
0.006134
0.103859
0
0.001224
0.003188
0.052487
0.078108
0
0.003143
0.09866
0.096566
0.115027
0.109641
0.022168
0.544403
0
0.470605
0.130427
0.009322
0.009733
0
0.0769
0.092703
0.007778
0.057703
0.047712
0.057767
0.226717
0.014137
0.116028
0.201946
0.064105
0.299355
0.011884
0.057547
0.133789
0.130262
0.047169
0.002548
0.292717
0.011296
0.014796
0
0.186549
0.025698
0
0.039573
0.137599
0.04555
0.041777
0.096639
0.146081
0.086106
0
0.007251
0.187003
0.034535
0.010425
0.033658
0.024694
0.03325
0.024329
0.058777
0.006154
0.08847
0
0.373363
0.003715
0
0.138321
0.31869
0.039573
0
0.078068
0.19128
0.005891
0.007278
0.399465
0.154084
0
0.074539
0.028022
0.504201
0.046743
0.004237
0.002545
0.045027
0
0.119693
0.274381
0.011093
0
0
0.066263
0
0.180094
0.074744
0.001505
0.051402
0.034175
0.046307
0.033245
0.039579
0.15066
0.027498
0.038249
0.001706
0.100138
0.030343
0.003106
0.078485
0.074744
0.002227
0.229341
0.093994
0
0.031455
0.539993
0
0.059615
0.028798
0.210158
0.257217
0.031769
0.009192
0.133606
0.259006
0.015747
0.271845
0.03854
0.009041
0.005923
0.147392
0
0.015108
0.066279
0.011947
0.001834
0.186327
0
0.223783
0.053088
0.009227
0.167204
0.027341
0.102878
0.078488
0.19463
0.044513
0.007995
0
0.028063
0.226937
0.001747
0.217627
0.162566
0.006721
0
0.056101
0.002891
0.222123
0.051213
0.16067
0.117456
0.078733
0.046217
0.01568
0
0.003258
0.03046
0
0
0
0.119136
0
0
0.009554
0
0
0.112408
0.086875
0.003614
0.072945
0.137417
0.082812
0.947006
0
0.064535
0.097387
0.931034
0.048697
0.333107
0.639926
0.012936
0.002397
0.173876
0.033351
0
0.087668
0
0.189581
0
0.003215
0.012417
0.007594
0.062557
0.01974
0.043787
0.062692
0
0.123509
0.400857
0.139012
0.195823
0.028567
0.002275
0.13061
0.052623
0.177489
0
0.198977
0
0.135523
0.61174
0.23205
0.079349
0.104969
0.02248
0.069083
0
0.056563
0
0.057453
0.040201
0.053019
0.108891
0.09103
0.015622
0
0.071774
0.010814
0.15861
0.104036
0
0.089482
0.059243
0.13993
0.00732
0.055178
0
0.003143
0.023386
0.067062
0.035105
0.108237
0.027304
0.028037
0.105731
0.075081
0.024628
0.046746
0.054159
0.010564
0
0
0.07067
0.004228
0.146925
0.931034
0
0.094375
0.004632
0
0.063646
0.077654
0.119849
0
0.57553
0.037688
0.035547
0.061886
0.178851
0.029169
0.149926
0.005081
0
0.091579
0.053732
0.011565
0.003105
0.007219
0
0.061329
0
0
0.632406
0
0.062557
0.034217
0.112595
0.19732
0.044037
0.007604
0.15333
0.022241
0.138949
0.062849
0.037816
0
0.06929
0.134198
0.099064
0
0.318975
0.079438
0.019746
0.43152
0.143666
0.342341
0.034745
0
0.233742
0.102212
0.434619
0.073021
0.008547
0.219739
0.767442
0.01959
0.062759
0.186033
0.086534
0.257609
0.257391
0.106155
0.015204
0.641597
0.26035
0.720998
0.347055
0.061118
0
0.0614
0.377718
0.169342
0
0.285694
0.148836
0.103886
0.333499
0.033139
0.041739
0.181809
0.363848
0.009403
0.001834
0
0.024731
0
0.775931
0.411344
0.023627
0
0.060673
0.232398
0.038718
0.003067
0.101535
0.117144
0.197504
0.35118
0.052848
0.042321
0.203019
0.074744
0.276486
0.200948
0
0.078765
0.016639
0.108327
0.227895
0.075689
0.02594
0.211712
0.365838
0.115761
0.100469
0.199743
0
0.61684
0.172242
0.362434
0.210576
0.087389
0.157701
0.495274
0.003318
0.0094
0
0.574572
0
0.050234
0.014902
0.328868
0.300131
0.016361
0.004093
0.03393
0.283888
0.482141
0.098119
0.173382
0.016546
0.038851
0.091901
0
0
0.718853
0.149574
0.037633
0.157977
0.434575
0.043571
0.159853
0.269059
0.45028
0.685943
0.476094
0.357249
0.32801
0
0.128045
0.340421
0
0.491399
0.061744
0.009627
0.214093
0.099157
0
0.03532
0.057743
0.013804
0.105633
0.072224
0.17303
0.258186
0.171252
0.195724
0.106808
0.557908
0.077266
0.072581
0.063618
0.105086
0.088927
0.213577
0
0.046875
0
0.301447
0.060895
0.357314
0.322033
0.931034
0.931034
0.019222
0.233758
0.283595
0.257705
0.799125
0.083263
0.052462
0.204434
0.415359
0.339624
0.074744
0.251179
0.25479
0.006191
0.286111
0.047747
0.139718
0.148732
0
0.078468
0.127924
0.133278
0.166688
0.549616
0.008092
0.237851
0.639529
0.156339
0.113099
0
0.072945
0.086909
0.181182
0.207133
0
0.008433
0
0.051413
0.008084
0.391505
0.119349
0.110716
0.040893
0.606583
0.092055
0
0.584644
0.035392
0
0.082739
0.262255
0.133959
0.124269
0.398392
0.014085
0.186234
0
0.384778
0.410768
0.27064
0
0.165612
0.746366
0.009974
0.488356
0.083723
0.491584
0
0.318951
0.436977
0.493482
0
0.085571
0.017011
0.601144
0.019207
0.317314
0.843511
0.289294
0.711025
0.074744
0.041438
0.036842
0.752158
0.372741
0.050391
0.396177
0.395026
0.086696
0.087247
0
0.171313
0.181633
0.26273
0.403559
0.287768
0.526233
0.090111
0.100498
0.08166
0.010091
0
0.696132
0.10033
0.076572
0.035221
0.002957
0
0
0.396863
0.089948
0.095196
0
0.060968
0.177157
0.008191
0.123329
0.123694
0.119349
0.103977
0.267335
0.235826
0
0.486293
0.385187
0.618659
0.334312
0.346564
0.074744
0.345547
0.086205
0.103292
0.032918
0.043655
0.149159
0.029921
0.181934
0.136469
0
0.057542
0.147205
0.069202
0.028547
0.102286
0.13505
0.473489
0.025214
0
0.072945
0.767442
0.007223
0.03285
0.435806
0.423093
0.021468
0.00919
0.001598
0.213315
0.543181
0.376284
0.556592
0.116653
0.168315
0.432706
0.009188
0
0.008175
0.030762
0.033817
0.761308
0.053687
0.067173
0.481408
0.012996
0.03851
0.519295
0
0.767442
0.196694
0.255885
0
0.262554
0.380832
0.28615
0.247348
0.477504
0.232026
0.50668
0.195368
0.09285
0
0.241126
0.036954
0.276972
0.469894
0.418411
0.107292
0.393543
0.359676
0.037727
0.479978
0.066703
0.238668
0.638743
0.152618
0.124327
0.178961
0.311474
0
0.056085
0.082465
0.074017
0.300689
0.504576
0.325981
0.017991
0.160776
0.464663
0.160817
0.115403
0.072094
0.165746
0.10927
0.126143
0.401114
0.089028
0.137237
0.831841
0.167005
0.272967
0.346245
0.111894
0.130245
0
0.114305
0.19192
0
0.203019
0.314225
0.604687
0.328347
0.018469
0.12182
0.174054
0.259435
0.101857
0.109502
0.50668
0.055369
0.082034
0
0.025833
0.063487
0.307976
0.082974
0.236371
0.033411
0.000678
0.01191
0.305611
0.139861
0
0.005284
0.045737
0.169342
0.274404
0.207605
0.767442
0.016861
0.081988
0.277275
0.40899
0.117619
0.265509
0.767442
0.382557
0.146331
0.263997
0.076106
0.608706
0.38827
0.176382
0.192252
0.293474
0.612911
0.24144
0.147957
0.517138
0.260281
0.371042
0.323099
0.617378
0.011568
0.767442
0.056947
0.331155
0.012006
0.179882
0.222022
0
0.742541
0.162827
0.780184
0.126418
0.287215
0
0.002977
0.715324
0.179198
0.026638
0.020633
0.056488
0.404125
0.11463
0.001837
0.001834
0.024324
0.01005
0.292834
0.579901
0.003785
0.384829
0.019029
0.693363
0.040269
0.173057
0.454431
0
0.003143
0
0.248767
0.044034
0.249682
0.399014
0
0.333059
0.141051
0.001272
0.001168
0.06404
0.282534
0
0.222
0.182731
0
0.31181
0.221439
0.074744
0.128143
0.28723
0.069301
0.282116
0.024778
0.003285
0
0.336451
0.074744
0.124354
0.075831
0.173661
0.377338
0.077719
0.56085
0.041637
0.060197
0.00883
0.097411
0.196141
0
0.020928
0.67699
0.27805
0.323635
0.43995
0.210542
0.255531
0.235723
0.062245
0.312942
0.035207
0.761123
0.054986
0.162959
0.013142
0.325298
0
0.192045
0.427622
0.05684
0.057059
0.059279
0.155685
0
0.40641
0.127204
0.102999
0.124504
0.021546
0.384384
0.064399
0.333262
0.19074
0.238989
0.018861
0.087024
0.34638
0.014579
0.004879
0.132527
0.007419
0.312214
0.145848
0.312214
0.070914
0.41562
0.003233
0.163189
0.046098
0.005083
0.05979
0.186494
0.018762
0.105596
0.056107
0.192289
0.035695
0.38797
0
0.056461
0.604741
0.32768
0.058461
0
0.025807
0.291598
0.33867
0.039588
0.067788
0.287452
0.099175
0
0.010479
0.100599
0.240536
0.116141
0.092815
0.013388
0.017944
0.231399
0.237554
0.030842
0.167604
0.071574
0.253265
0.71224
0.111723
0.080325
0.077783
0.014012
0.534612
0.666492
0.074744
0
0.216414
0.112686
0.003097
0.008008
0.114935
0.138873
0.304533
0.34522
0.279444
0.178515
0.007027
0.072571
0.140307
0
0
0.074744
0.409332
0.048468
0.352225
0.035079
0.023401
0.028687
0.048748
0.06736
0
0.017008
0.05787
0.248249
0.068235
0
0.078274
0.081015
0.102035
0.018072
0.02935
0.018972
0.019295
0.083482
0.029021
0.006517
0.052212
0.038917
0.04555
0.033791
0.175057
0.048053
0.056106
0.363214
0.054377
0
0.204332
0.083789
0.03804
0.055324
0.302534
0.071586
0.047817
0.003071
0.054232
0.061866
0.145745
0.028687
0.014494
0.000889
0.089759
0
0.008434
0.121831
0.0653
0.055778
0
0.026906
0.026597
0.031466
0.002562
0
0.066058
0.029746
0.015739
0
0.001646
0.326539
0.019982
0.022255
0.068347
0.017648
0.057738
0.11071
0.159484
0
0.082333
0.022596
0.101665
0.054159
0.01201
0.077654
0.011324
0.061489
0.200867
0.053961
0.010179
0.028669
0.080929
0.078006
0.03804
0.096728
0.48418
0.024647
0.089975
0.072945
0
0.289659
0.01138
0.119849
0.086022
0.338183
0.046278
0.063434
0.087849
0.078108
0.013875
0.019549
0.009627
0.053447
0.019815
0.066992
0.002571
0.013828
0.007815
0.044973
0.02573
0.098357
0.096734
0.003451
0.062766
0.01851
0.257975
0.027213
0.077705
0.036198
0.096881
0.122187
0.004106
0.180957
0.035374
0.028374
0.257357
0.006096
0.005518
0.01148
0.157925
0.005113
0.013991
0.099604
0.223321
0.007902
0
0.034385
0.125669
0.063844
0.189254
0.00226
0.03301
0.247663
0
0.024569
0.062318
0.086788
0.009184
0.086677
0
0.095875
0.108467
0.017827
0.009319
0.074744
0.078108
0.084462
0
0.004649
0.027621
0.103461
0.051019
0.031657
0.179926
0.032352
0
0
0.215404
0.124558
0.078108
0.050853
0.425637
0.233302
0.196253
0.004329
0

0.028354
0.034364
0.018389
0.008165
0.376405
0.013653
0.043992
0.017336
0
0.031948
0.407018
0.014899
0.315544
0.065936
0.008731
0.051019
0.030824
0.054869
0
0.19203
0.160946
0.074744
0.056674
0.041667
0.141231
0
0.164146
0.012605
0.03804
0.010319
0.086117
0.02706
0.007748
0.010319
0
0
0.005016
0.004556
0.012023
0.041405
0.026115
0.000798
0.370089
0.004419
0.108278
0.009003
0.002284
0.255937
0.040714
0.028236
0.013953
0.024789
0
0.021865
0.010456
0.028565
0.050257
0.016178
0.078108
0.00914
0.006767
0.042406
0.077654
0.057114
0.003556
0.007965
0.050612
0
0.074744
0.020273
0.031319
0.025707
0.003561
0.111571
0.151783
0.015911
0.072652
0.025983
0.078985
0.148922
0.931034
0.054116
0.003276
0.026671
0.046689
0.001315
0.176318
0.013853
0
0.235429
0.011266
0.08522
0.529625
0.142873
0.017124
0.067099
0.002932
0.067994
0.07166
0
0.00544
0.006756
0.014202
0.026898
0.282477
0.000774
0.052214
0.010206
0.119203
0.071056
0.010635
0.021909
0.010283
0.000786
0.074744
0.076325
0.055434
0.386208
0.014043
0.013925
0.039293
0.168298
0.005688
0
0.00994
0
0.002321
0.058556
0
0.018144
0.187807
0.134125
0.036489
0.032839
0.011957
0.072945
0.1571
0.112702
0.09965
0.107996
0.004557
0.005202
0
0.00885
0.054238
0.102212
0.025241
0.005678
0.011738
0.072945
0.0361
0.11161
0.043459
0.040113
0.149062
0.118917
0.042231
0.00304
0.011613
0.392244
0.198937
0.018751
0.020403
0.054753
0.319312
0.125457
0.009184
0.055067
0.06929
0.143639
0.075437
0.024235
0.064007
0.025424
0.001877
0.01795
0.194562
0
0
0.177707
0.084656
0.086565
0
0.011725
0.051344
0.018001
0.019091
0.061659
0
0.044533
0.163274
0.251595
0.003258
0.24119
0.328959
0.059233
0.001012
0.021629
0.018743
0.398717
0.01542
0.008968
0
0.02938
0.186033
0.171171
0
0

0.097791
0.013572
0.456641
0.33867
0
0.024586
0.284202
0.098672
0.052921
0.195413
0.110374
0.024235
0.011326
0.383619
0.017705
0.04155
0.054882
0
0
0.492741
0
0
0.046885
0.105079
0.061949
0.1583
0.208238
0.084154
0.10203
0.064858
0.290155
0.101211
0.39679
0.010807
0.06929
1
0.338114
0.175592
0.225764
0.381332
0
0.131303
0.05281
0.009184
0.028312
0.00698
0.059823
0.101217
0.039956
0.010638
0.038696
0.016672
0.039956
0.116741
0.038601
0
0.01755
0.128716
0.054321
0.167761
0.074744
0.12061
0.295361
0.032637
0
0
0.027956
0.049419
0.23135
0.271423
0.274627
0.086788
0.094566
0.113802
0.005338
0.351896
0.038601
0.060814
0
0.026006
0.054387
0.006736
0.227737
0.063869
0.009585
0.156392
0.16458
0.085976
0.059475
0.239434
0.039336
0.028653
0.034364
0.140629
0.029006
0.079812
0.179893
0
0.006747
0
0.03042
0.089206
0.134242
0.042664
0.158432
0.014064
0.027444
0.370228
0.211603
0.088578
0.458867
0.021557
0
0.083611
0.199568
0.25479
0.040671
0.015454
0.022647
0.495332
0.077345
0
0.078186
0.033314
0.076152
0.039434
0.018892
0.096601
0.087322
0.022514
0.067275
0.520287
0.123555
0.014695
0.014695
0.04462
0.037812
0.006235
0.053895
0.252981
0.001345
0.154087
0.177533
0.004494
0.022371
0
0.531278
0.007954
0.071715
0.018867
0.132463
0.059486
0.054472
0.639554
0.001464
0.106255
0.182976
0
0.082923
0.0297
0.294114
0.289773
0.076661
0.26227
0.008424
0.31881
0.180226
0.03995
0.025993
0.033928
0.003614
0.037519
0.06929
0.081043
0.302076
0.075037
0.027206
0
0.033115
0.189207
0.064585
0.004342
0.00919
0
0.004624
0.025667
0.670155
0.151364
0.009461
0.014271
0.266968
0.072758
0.085926
0.469791
0.041217
0
0
0.026003
0
0.150754
0
0.02204
0
0.013877
0.005529
0.093821
0.07007
0.058365
0.244317
0.033385
0.107619
0.074744
0
0.022773
0.00555
0.077654
0.007348
0.011431
0.188034
0.036106
0.011564
0.083893
0.244766
0.070849
0.019265
0.00264
0.113076
0.00516
0.02488
0.05312
0.131143
0.128034
0.064646
0.185234
0.076934
0.010921
0.066853

0.284527
0.067734
0.233917
0.012716
0.075333
0.297888
0.007234
0.039582
0.025839
0.089973
0
0.190823
0.455182
0.005504
0.002535
0.094427
0.011537
0
0.191161
0.094217
0.072945
0.767442
0.316828
0.010611
0.224734
0.195905
0.072945
0.466952
0
0.002615
0
0.060707
0
0
0.020583
0.046285
0.029595
0.02396
0.082344
0.102039
0.320669
0
0.117639
0.039956
0
0.240433
0.420675
0.046471
0.024775
0.003581
0.109288
0.010264
0.541211
0.069082
0.042533
0.129414
0.029245
0
0.077654
0
0.036489
0.081904
0.129471
0.115833
0.308283
0.039153
0.205718
0.096819
0.153481
0.066816
0.082326
0.331652
0.082326
0.008231
0.054194
0.018637
0.199037
0
0.047708
0.060532
0.00229
0.004087
0.082326
0.101525
0.004494
0.195852
0.023348
0.023348
0.147803
0
0.095546
0.014969
0.26756
0.082326
0
0.002533
0.023348
0.005258
0.023348
0.000425
0.05564
0.022047
0.055397
0.040089
0.023348
0.023233
0
0.037767
0.031083
0.074744
0.049125
0.121365
0.04252
0.281843
0.025224
0.019785
0.016052
0.021716
0.158428
0.265937
0.040272
0.136163
0.175805
0.004494
0.298392
0.00254
0.004935
0.010442
0.004103
0.197615
0
0.014551
0
0.028687
0.024582
0.012703
0.320622
0.34775
0
0
0.02956
0.016925
0.079181
0.276995
0.059749
0
0.06975
0.009191
0.022833
0.030664
0.014131
0.088069
0.049644
0.023348
0
0.00254
0
0.124179
0.136636
0.036937
0.063577
0.095173
0.005258
0.062823
0.073704
0.230212
0.015652
0.059655
0.016244
0.052285
0.160485
0.012981
0.021529
0.318058
0.630395
0.068459
0.026583
0.005258
0.08375
0
0
0.189967
0.029561
0.173345
0.524415
0.260882
0.056765
0.117144
0.064493
0.338622
0.072867
0.060414
0.194541
0.043641
0.016919
0.116868
0.016103
0.159161
0.302062
0.056015
0.056765
0.146096
0
0.072467
0.047426
0.719738
0.144359
0.034622
0
0.072945
0.044888
0.056595
0.074744
0.012489
0.088181
0.049668
0.204273
0.073417
0
0.045912
0.037019
0.056765
0.057153
0.011964
0.121032
0.11344
0.026238
0.116868
0.118633
0.046423
0.074744
0.018678
0.035695
0
0.017351
0.064015
0.024162
0.044432
0.305617
0.016645
0.075436
0.021978
0.3777
0.007954
0.122228
0.116868
0.035695
0.046178
0.020084
0.03816
0.32078
0.079711
0.055958
0.247347
0.153668
0.056765
0
0.020424
0.074744
0.00181
0.32332
0.024996
0.035695
0.040356
0.116868
0.013877
0.167298
0.333964
0.105111
0.009747
0.003585
0.056333
0.046092
0.116868
0.01645
0.037889
0.090892
0.027003
0.107982
0.088384
0.039462
0
0.1037
0
0.018037
0.02492
0.030105
0.007048
0.072514
0.016775
0.020106
0.007744
0.158484
0.035337
0
0.026836
0
0
0.088491
0
0.569894
0.066912
0.085312
0
0.067223
0
0.040272
0.035695
0.063085
0.356088
0.302852
0.077654
0.57721
0.072571
0.045184
0.009849
0.041736
0.076921
0.002571
0
0
0.073654
0.013968
0.028261
0.063666
0.072945
0.249682
0
0.114225
0.168919
0
0.051386
0.025991
0.029712
0.074744
0.033098
0.056202
0.009429
0.035695
0.089617
0.035695
0.161827
0.258257
0.064545
0
0.065176
0.026936
0
0.074744
0.117313
0.050544
0
0.07163
0
0.004607
0.322703
0.028655
0.057311
0.063581
0
0.361286
0
0.028655
0.003184
0.015564
0.334551
0.031797
0.382355
0
0.077936
0.00838
0.072867
0.034331
0.066375
0.042727
0.076227
0.001123
0.024491
0.056015
0.028003
0
0.063827
0.033805
0.32332
0.01606
0.033868
0.135936
0.054364
0.216088
0.135936
0.053195
0
0.007088
0.062411
0.006135
0.464405
0.074744
0.048938
0.012809
0.031131
0.064246
0.136439
0.140903
0.009918
0.062258
0.030105
0.097057
0.035666
0.060957
0.087249
0.135936
0.268849
0
0.072945
0.023646
0.135936
0.102052
0.026064
0.438599
0.199409
0
0.072945
0.187633
0.038298
0.049668
0.072945
0
0.050731
0.03532
0.086176
0.066311
0.027167
0.074744
0.09112
0.204967
0.115381
0.024593
0.072945
0.190967
0.057132
0.083997
0.027476
0
0.023166
0.00194
0.005226
0.070024
0.205053
0.210542
0.024305
0.08491
0.039505
0.031775
0.020769
0.06107
0.111874
0.035743
0.029676
0.227859
0.02204
0.154572
0.069912
0.049384
0.097892
0.032683
0.115199
0
0
0.142424
0
0
0.005442
0.086908
0.092453
0.102212
0.041337
0.079996
0
0.101482
0.066816
0.012373
0.070538
0.035666
0.181334
0.051257
0.065327
0.062999
0.023243
0.074744
0.035793
0.013623
0.030931
0.19623
0.028094
0.461917
0.078033
0.016639
0.035666
0
0.319784
0.041032
0.072945
0.194804
0.036086
0.004406
0.145447
0.009432
0.26712
0.044509
0.027542
0
0.032288
0.190277
0
0.009894
0.127831
0.012795
0.029332
0.031615
0.152821
0.15492
0.066816
0.007537
0.127964
0.017175
0.056608
0.074403
0.041997
0.033474
0.018208
0
0.026139
0.037298
0
0
0.068376
0.012356
0
0.036727
0
0.108636
0.049766
0.017521
0.079453
0.133959
0.021806
0.046077
0.032922
0.108728
0.096808
0.006577
0
0.048953
0.03657
0.017326
0.062515
0.212209
0.022441
0.022823
0.062916
0
0.089834
0.056201
0.318533
0.066816
0.058461
0.067964
0.233628
0.015319
0
0.353936
0
0.10585
0.033949
0.204249
0.119985
0.178493
0.044475
0
0.067332
0.23036
0.009735
0.003239
0.060158
0.029067
0.037289
0.043761
0.100155
0.06873
0.004935
0.018291
0.015798
0.032899
0.206391
0.085532
0.070593
0.274716
0.013723
0.101482
0.055684
0.039116
0
0.03342
0.07655
0.039476
0.049145
0.060817
0.035564
0.098966
0.119798
0.026529
0.05592
0.072945
0.455081
0.074744
0.055176
0.078907
0
0.194275
0.066494
0.424683
0.031315
0.072945
0
0.017343
0.09467
0.035695
0.355564
0.072024
0.113047
0.000694
0.010527
0.06574
0.077583
0.018811
0.272953
0.031284
0.052585
0.067412
0.046971
0.048107
0.125319
0.032208
0.025613
0.073451
0.023743
0.065074
0.002821
0.095703
0.151448
0.066287
0.120681
0.099791
0.143901
0.063054
0.039102
0.080111
0.129517
0
0.042472
0.017325
0.003344
0.021084
0.097908
0.01673
0.019964
0
0.033023
0
0.807677
0.045168
0.000932
0.01549
0.219171
0.013768
0.041864
0.064655
0.086563
0.292769
0
0.05388
0.025786
0.1151
0.008129
0.006717
0.089793
0.040323
0.130703
0.156473
0
0.037296
0.019209
0.16406
0.007683
0
0.003662
0.009339
0.03006
0.03134
0
0.049319
0.013743
0.050571
0.270384
0.003138
0
0.033332
0.035854
0.005012
0.166964
0.019265
0.057832
0.010375
0.140011
0.032838
0.04934
0.007652
0.012618
0.195868
0.004228
0.008218
0.019669
0.0709
0.082836
0.061661
0.120761
0.048622
0.008132
0.011582
0
0.012909
0.012089
0.346751
0.050879
0.16236
0.078472
0.034816
0.084033
0.054235
0.030301
0
0
0.038965
0.026236
0.08302
0.101145
0.07809
0
0.074113
0.110241
0.074744
0
0.084715
0.003582
0.002548
0.116038
0.009523
0.054222
0.037739
0.008227
0.149524
0.041739
0.038678
0.102686
0.131017
0.003084
0.331601
0.098019
0.192071
0.048491
0.071832
0.501132
0.069938
0.023419
0.131096
0.109682
0.003814
0.088494
0.398392
0.009255
0
0
0.376545
0.037914
0.315808
0
0.004245
0.077319
0.0022
0.05032
0.054543
0.111102
0.068333
0.093792
0
0.077425
0
0.214052
0.409937
0.054288
0.002535
0.020809
0.059348
0.061735
0.059034
0
0.006071
0.013002
0.105911
0.077654
0.072945
0.048546
0
0
0.035717
0
0.019058
0.931034
0.022014
0.101428
0.004983
0.185028
0
0.071683
0.056543
0
0.078952
0.161333
0.155827
0.068842
0.158074
0.020292
0.00254
0.380573
0.001411
0.441429
0.119626
0.035798
0.015176
0.01454
0.074744
0.056574
0
0.26019
0
0.054449
0.060145
0.006748
0.043805
0.059511
0.231796
0.463474
0.009814
0
0.010764
0.072945
0.024935
0.056015
0
0
0
0.065455
0.045309
0.28611
0.070104
0.040069
0.103748
0.047371
0.024797
0
0
0.007782
0
0.07194
0.074744
0
0
0
0.057471
0.008218
0.011808
0.017859
0.189352
0.125157
0.077654
0.003563
0.0653
0.055997
0.040387
0
0.002437
0.065085
0.180813
0.00426
0.00254
0.137253
0.127212
0.257152
0.041959
0.010232
0.062482
0.061119
0.003588
0.268098
0.074546
0.203406
0.041888
0.004737
0.114199
0.044113
0.338187
0.00937
0.109289
0.033325
0.261191
0.117878
0.046012
0.047483
0.024905
0.00426
0
0
0.00254
0.012397
0
0.029271
0.00657
0.004243
0.029681
0.017669
0.002929
0.011553
0.007634
0.038264
0
0.071676
0
0.052999
0.105731
0.006649
0.006756
0.252315
0
0.078108
0.116325
0.105731
0.088449
0.003733
0.133459
0.025537
0.215667
0.086116
0.008303
0
0.126763
0.012957
0.105731
0.105731
0.003215
0
0.251911
0.105731
0.007801
0.05586
0.042588
0.191624
0.073602
0.004264
0.105731
0.032518
0.005541
0.019382
0.266638
0.479112
0.002001
0.041719
0.002535
0.006658
0.272953
0.379498
0.045377
0.002548
0.052631
0
0.001787
0.00316
0.020298
0.00426
0.40641
0.015491
0.413264
0.515022
0.001459
0.00426
0.068585
0.006186
0.046197
0.035612
0.3931
0.0237
0.141081
0.016092
0.031117
0
0.00254
0.092988
0.005817
0.050191
0.003615
0.00254
0.157289
0.016549
0.159057
0
0.069647
0
0.013056
0
0.017005
0.001655
0.002001
0.011622
0.015123
0.014514
0
0.001951
0.056781
0.197133
0.008887
0.049447
0.002267
0.087597
0.189876
0.380117
0
0.122449
0.25322
0.043775
0.19472
0.078108
0.001864
0.004419
0.028545
0.064847
0.017369
0.006929
0.005847
0.050051
0.039764
0.003919
0.041439
0.175454
0.063938
0.022653
0.021746
0.041894
0
0.190129
0.093154
0.002535
0.00254
0.004842
0
0.093194
0.033371
0.008908
0.055546
0.05873
0.005284
0.004239
0.002535
0.287842
0.023889
0.006265
0.015043
0.011974
0.048694
0.075923
0.032775
0.161732
0.007502
0.003272
0.021741
0.134917
0.049869
0.014516
0.067475
0.053967
0.043982
0
0.17588
0
0.14846
0.009052
0
0.360829
0.312313
0
0.350412
0
0.01096
0.037978
0.023077
0.002604
0.043173
0.260882
0.012307
0.077654
0.012083
0.163086
0
0.03999
0.831327
0.212346
0.705103

0
0.027061
0.02121
0.00266
0.016337
0.072945
0.052203
0.045069
0.001513
0.019905
0.003401
0.017058
0.00248
0.101645
0
0.001139
0.035548
0.008933
0.324346
0.10309
0.158703
0.005553
0.006379
0.00317
0.003385
0.038224
0.059616
0.072233
0.010487
0.003994
0.006211
0.008424
0.074219
0.073602
0.002192
0.113807
0.048636
0.063116
0.027621
0
0.001939
0.001888
0.002799
0.148218
0.008481
0.088061
0.034243
0.059953
0.022597
0.127794
0.003712
0
0.033529
0
0.025114
0.093027
0.034915
0.005015
0.002576
0.017357
0.002535
0.359681
0.00254
0.002421
0.147061
0.001168
0.003346
0.863126
0.004256
0.002359
0.007505
0.050729
0.075179
0.008
0.055294
0.092635
0.103663
0.079592
0
0.013968
0
0.000453
0.169246
0
0.050029
0.086329
0.049799
0
0
0.095584
0.060237
0.802615
0
0.00254
0.015433
0.006571
0.223757
0.011377
0.16841
0.128356
0.245909
0.070883
0.010496
0.00254
0.283021
0.048694
0.041841
0.034843
0.06048
0.02147
0.245555
0.091915
0.041243
0.06382
0.009996
0.001171
0.00254
0.244646
0.340606
0.033725
0.06058
0.045931
0.842697
0.007634
0.191784
0.015276
0.191928
0
0.058088
0.399399
0.006379
0.248427
0.134601
0.016288
0.111469
0.105842
0.016516
0.065275
0.004475
0.00254
0.077654
0.006927
0.110708
0.421778
0.059158
0.006638
0.110272
0.031708
0.032861
0.103663
0.005105
0.022503
0.039956
0.068318
0.002535
0.00762
0.029122
0.078748
0.009285
0.007039
0.053729
0.145809
0.002535
0.002535
0.004038
0.018154
0.154294
0.00285
0.10408
0.042091
0.004618
0.197119
0
0.075639
0.004896
0.083553
0.009074
0
0.013381
0.033542
0.003215
0.0437
0.261956
0.02391
0.003477
0.00456
0.472304
0.019997
0.01472
0
0.012755
0.034852
0.00713
0.007178
0.002407
0.003777
0.019249
0.009408
0.065598
0.051918
0.050513
0.00254
0.119708
0.086188
0.116519
0.069171
0.020267
0.002922
0.072998
0.088446
0.523533
0.003185
0.154772
0.01073
0.078341
0.010345
0
0.00254
0.003318
0.003028
0.392644
0.004091
0.041078
0.035161
0.00254
0.073727
0.00735
0.022037
0.033465
0.016749
0.004896
0.000454
0.00254
0.032208
0.023774
0
0.017904
0.013413
0.010314
0.147893
0.054982
0
0.176488
0.007699
0.011755
0.115974
0.247663
0.057255
0.004342
0.030078
0.009587
0.090815
0
0.260281
0.017169
0.003249
0.049075
0.050895
0
0.33771
0.09257
0.032282
0.002535
0.059242
0.040741
0.011469
0.032804
0.367954
0.931034
0
0.005338
0.00254
0.036289
0.10751
0.010317
0.071815
0.012425
0.006855
0.002535
0.070378
0.034347
0.125982
0.00254
0.002535
0.001606
0.130388
0.300694
0.002586
0.220273
0.160708
0.075698
0.002548
0.080505
0.00191
0.074744
0.041153
0.024343
0
0.06987
0.10623
0.013413
0.008039
0.08088
0.005083
0.002548
0.344591
0.147869
0.056234
0.003612
0.087106
0.265831
0.050143
0.009557
0.077654
0.032443
0.045522
0.00254
0.169071
0.041398
0.012532
0.009192
0.153405
0.031519
0.004253
0.00254
0.008211
0.094019
0.012473
0.018565
0.001445
0.022668
0.046036
0.025077
0.082916
0.419897
0.186434
0.054288
0
0.064819
0.035013
0.034122
0.004541
0.009721
0.002535
0.019415
0.013406
0.233548
0.173827
0.200809
0.083378
0.136036
0.063165
0.003919
0.038182
0.002535
0.002548
0.00254
0.007788
0.014669
0.046285
0.017593
0.002535
0.002261
0.061531
0
0.00254
0.00254
0.210039
0.101541
0.044005
0.007954
0
0.044533
0.055997
0.101012
0.153606
0.062248
0.042552
0
0.002496
0.001767
0.03247
0
0.072209
0.058583
0.020139
0.007954
0.004441
0.303557
0.099611
0.015237
0.420523
0.332745
0.002698
0.023008
0
0.32879

0.054414
0.339111
0
0.081754
0.086885
0.00838
0.010622
0
0.010487
0.122711
0.021599
0.074219
0.001319
0.15349
0.00426
0
0.140981
0.00254
0.261346
0.016998
0.002593
0.014372
0.009196
0.002548
0.004349
0.018432
0.07009
0.013974
0.002417
0.010863
0.332698
0.031295
0.017052
0.359538
0.014278
0.047635
0.059333
0.376284
0.010993
0.032388
0.048027
0.00269
0.002468
0
0.054281
0.569469
0.033285
0.010658
0.056015
0.101105

0.08302
0.174962
0.003633
0.013647
0.073064
0.029322
0.009631
0.002535
0.00426
0.010068
0.002799
0.057753
0.021224
0.008037
0.00527
0
0.040128
0.015245
0.0069
0.017349
0.000259
0.007699
0.00254
0.006775
0.032404
0.003579
0.100591
0.00254
0.004352
0
0.060691
0.054689
0.173851
0.00254
0.08639
0.047255
0.881345
0
0.002535
0.014431
0.00216
0.002535
0.002627
0.040505
0.00677
0.073406
0.016317
0.047728
0.009584
0.018822
0.068788
0.00803
0.001179
0.069414
0.089732
0.013321
0
0.004763
0.002271
0.066
0.060691
0.002195
0.094414
0.395131
0.010595
0.013669
0.032641
0.004937
0.13695
0.016008
0.005052
0.00455
0.022626
0.013776
0.00471
0.00254
0.066077
0.02139
0.074744
0.028296
0.099043
0.122403
0.00254
0.006762
0
0.445509
0.071798
0.066058
0.062499
0.071178
0.223321
0.086097
0.078952
0.255405
0.158878
0.16367
0.053431
0.030572
0.072945
0.04977
0.219171
0.039956
0.08572
0.14387
0.04555
0.018249
0.122403
0.072945
0.117474
0.138294
0.048748
0.097847
0.039956
0.031699
0.285959
0.002838
0.578789
0.025146
0.039956
0.04071
0.013973
0.005984
0.098381
0.162382
0.380117
0.162382
0.057124
0.039956
0.023197
0.04192
0.049384
0.025655
0.146586
0.078952
0.013087
0.196938
0
0.072945
0.109437
0.148129
0.042582
0.072945
0.064209
0.072542
0.062114
0.006856
0.028019
0.056704
0.033815
0.078952
0.05303
0.088189
0
0.060034
0.00695
0.071586
0.074744
0.408763
0.012111
0.011483
0.017986
0.057423
0.047817
0.011224
0.067264
0.049384
0
0.077342
0.248775
0.038917
0.072945
0.194369
0.052091
0.078504
0.19732
0.095145
0.027208
0.045972
0.01645
0
0.074744
0.054414
0
0.194369
0.067654
0.407904
0.072945
0.054994
0.009763
0.039956
0.064009
0
0.026267
0.129397
0.125982
0.171929
0.038917
0.072945
0.07924
0.041217
0.030471
0.07331
0.015192
0.06011
0.058317
0.072787
0.11873
0.072571
0.134155
0.055067
0.047101
0
0.030232
0.232749
0.058695
0.057153
0.002535
0.302868
0.175454
0.164844
0.11924
0.07189
0.071616
0.064583
0.098186
0.052091
0.064375
0.082812
0.011122
0.098264
0.078306
0.04978
0
0.074744
0.041229
0.032675
0.031584
0.167509
0.08311
0.073269
0.082455
0.012426
0.099678
0.33771
0.031584
0.037075
0.007783
0.031797
0.085194
0.011528
0.013487
0.049655
0.263371
0.039956
0.030834
0
0.11852
0.01619
0.049384
0.049384
0.006896
0.056812
0.056812
0.05914
0.013588
0.048133
0.059005
0.164912
0.040808
0.013588
0.062451
0.047817
0.072945
0.06345
0.049384
0.020036
0.019421
0.321282
0.056527
0.054397
0.127609
0.069592
0.072945
0.070741
0
0.041894
0.103018
0.055927
0.03149
0.077795
0.074058
0.039956
0.072571
0.037298
0.067272
0.095668
0.056232
0.004696
0.044331
0.011377
0.032752
0.056355
0.049384
0.052309
0.048639
0.077612
0.012297
0.087475
0.015744
0.132933
0.037298
0.126249
0.047338
0.075363
0.192661
0.071521
0.005206
0
0.061177
0.054905
0.010124
0.10897
0.05199
0.045128
0.00488
0.058781
0.054051
0.088935
0
0.111535
0.025394
0.049939
0.102249
0.049384
0.174947
0.046799
0.288849
0.021215
0.030577
0.088104
0
0.11508
0.076418
0.072945
0.014316
0
0.261531
0
0.049384
0.041241
0.100042
0.00371
0.036077
0.109711
0.153385
0.014848
0.064654
0.146059
0.081969
0.017319
0.145036
0.111535
0.130548
0.025282
0.054994
0.044252
0.074744
0.05674
0.036263
0.079737
0.036107
0.108513
0.206532
0.028296
0
0
0.059617
0.028296
0.043463
0.048641
0.226717
0.022047
0.111535
0.015217
0
0.023924
0
0.011804
0
0.106943
0
0.072945
0.242882
0
0.101795
0.072945
0.020554
0.049384
0.057423
0
0.049384
0.06987
0.072945
0.198185
0.028296
0.159857
0.093575
0.002758
0.01682
0.206014
0.057021
0
0.003416
0.082029
0.052505
0.068794
0.048235
0.055097
0.286578
0.107393
0.039956
0.447205
0.154955
0.157375
0.034025
0.039332
0.049706
0.175376
0.072945
0.050729
0.067771
0
0.114298
0.011888
0.080395
0.047918
0.039518
0.072945
0.253316
0.189588
0.222811
0
0.188034
0.01706
0.017319
0.092635
0.215351
0.030732
0.077654
0.041474
0.038927
0.072945
0
0.061949
0.074744
0.044972
0.026947
0.369035
0.027341
0.041474
0.00583
0.038651
0.074873
0.045168
0.074156
0.086558
0.062398
0
0.041474
0.152729
0
0.185576
0.06539
0.158908
0.073906
0.024764
0
0.106123
0.069391
0.047255
0.024446
0.217923
0.097157
0.039956
0.039956
0.052046
0.189696
0.00254
0.037876
0
0.327758
0.097157
0.072214
0.207444
0.130807
0.008609
0
0.074744
0
0.006893
0.182156
0.111848
0.024699
0.039956
0.071378
0.047892
0.081664
0.009572
0.174539
0.032641
0.272677
0.032721
0.045692
0.033855
0.135304
0.21123
0.067948
0.32626
0.024663
0.099892
0.047628
0.183272
0.426093
0.023236
0.060161
0.045168
0.022112
0.065074
0.06173
0.040831
0.103807
0.014717
0.045168
0.072233
0.036346
0.12593
0.098672
0.070622
0.192701
0.127401
0.007816
0.032795
0.16191
0.038644
0.046157
0.048487
0.426093
0.144924
0.047817
0.187657
0.072945
0.129609
0.10657
0.037812
0.103807
0.07697
0.002698
0.024845
0.072945
0.004752
0.216273
0.02781
0.039956
0.008376
0.04555
0.093534
0.034605
0.064997
0.135081
0.044133
0.024681
0.072945
0.450184
0.04109
0.173949
0.04274
0.033685
0.34215
0.098622
0.006325
0.05309
0.127869
0.014282
0.041217
0.01683
0.156172
0.067501
0.102212
0.074744
0.087475
0.349882
0.074449
0.181182
0.022075
0.199001
0.041288
0.081779
0.466622
0.211799
0.046863
0.117144
0.054974
0.117637
0.022687
0.102878
0.053065
0.076301
0.060768
0.080128
0.046006
0.02706
0.103807
0
0.186579
0.030101
0.22513
0.086912
0.095723
0.105348
0.105629
0.058655
0.030572
0.129775
0.081942
0.228903
0.049384
0.048748
0.104259
0.047817
0.534893
0
0
0.064785
0.055138
0.012356
0.049384
0.003655
0.715947
0
0.041217
0.039691
0.121429
0.097029
0.079349
0.071676
0.192887
0.077654
0.037684
0.020834
0.066102
0.083583
0.044338
0.042511
0.018846
0.002535
0.183141
0.005015
0.007176
0.125982
0.059712
0.07361
0
0.059606
0.041069
0.066816
0.113678
0.005478
0.019701
0.009124
0.276752
0.001717
0.048591
0.095723
0.024864
0.065804
0.024674
0.002587
0.007458
0.004769
0.055378
0.018146
0.091248
0.099729
0.03816
0.095497
0.110544
0.049384
0.115381
0.058655
0.002286
0.004207
0
0.143684
0.031021
0.095752
0.079659
0.002535
0.275294
0.086788
0.119244
0.024373
0.087024
0.110068
0.08279
0.012635
0.017058
0.046511
0.264296
0.009902
0.093402
0.161259
0.31338
0.072828
0.075297
0.525562
0
0.023651
0.013108
0.209158
0.00972
0.371032
0.174589
0.051129
0.048508
0.092016
0.096396
0.150584
0.086788
0.161767
0.029344
0.049799
0.046012
0.039691
0.035973
0.036783
0.203019
0
0.01757
0.095768
0.086163
0.098257
0.117144
0.075168
0.143683
0.047107
0.210399
0.114348
0.547891
0.069911
0.015679
0.216608
0.107078
0.253312
0.148677
0.225585
0.26273
0.002917
0.013696
0.036639
0.46974
0.011302
0.356761
0.012301
0.267188
0.002419
0.05904
0.086788
0.115768
0.015341
0.240295
0.072945
0.118915
0.085426
0.051932
0.074744
0.033512
0.036884
0.161822
0.165649
0
0.000537
0.08708
0.083732
0.120558
0
0.021882
0.108672
0.015591
0.040939
0.099628
0
0.165035
0.127453
0.070019
0.035743
0.086489
0.098519
0.128509
0.055157
0.087024
0.117559
0.085426
0.074744
0.13027
0.097868
0.058613
0.202358
0.053563
0.192026
0.005494
0.129295
0.034567
0.192755
0.119313
0.179083
0.077569

0.020328
0.117258
0.196348
0.03385
0.211395
0.091304
0
0.02948
0.131589
0.076568
0.041577
0.076038
0.051646
0.151109
0.022504
0.128692
0.079061
0.113779
0.080352
0
0.022759
0.178623
0.364865
0.090232
0.008527
0.107609
0.109962
0.048623
0.050493
0.197569
0.086788
0
0.040939
0.004536
0.018696
0.03349
0.016392
0.076609
0.08279
0.040724
0.285406
0.056497
0.393846
0.006764
0.001935
0.128658
0.086489
0
0.076483
0
0.070353
0.065337
0
0.104304
0.20614
0.106999
0.077569
0.104113
0.06649
0.027502
0.082182
0.209587
0.069304
0.140149
0.147607
0.003149
0.036587
0.062507
0.029453
0.087024
0.087024
0.086788
0.368858
0.084638
0.108754
0.040939
0.132531
0.049935
0.054928
0.097209
0.491175
0.298943
0.085131
0.110068
0
0.087024
0.094689
0.085426
0.087024
0.05353
0.10282
0.063102
0.087024
0.060853
0.104522
0.413283
0.086788
0.082942
0.135645
0.237638
0.085426
0.069295
0.123903
0.13536
0.195829
0.063386
0.065692
0.01867
0.402373
0.163146
0.050992
0.040012
0.19406
0
0.150744
0.048553
0.073166
0.033815
0
0
0.085426
0.137497
0.210399
0.093585
0.065902
0.578222
0.104029
0.130435
0.085426
0.279775
0.031921
0.223832
0.156583
0.036811
0.024235
0.070482
0.080872
0.14419
0.047159
0.073173
0.019736
0.057794
0.031831
0.027581
0.369798
0.294902
0.122343
0.094121
0.086163
0.19368
0
0.215242
0.22229
0.058583
0.21112
0.075021
0.155139
0.044266
0.06108
0.00409
0.0132
0.18465
0.102786
0.179083
0.136217
0.227972
0.073582
0.085426
0.077109
0.006718
0.20941
0.411169
0.080118
0.08213
0.141855
0.012043
0.068174
0.110068
0.113671
0.101482
0.100101
0.156752
0.04749
0.05936
0.257317
0.66611
0.044306
0.14005
0.185664
0.32315
0.038009
0.178938
0.283087
0.100101
0.119941
0.370491
0.030303
0.087617
0.082637
0.072571
0.106475
0.103046
0.231587
0.101482
0.122281
0.062453
0.012721
0.005482
0.184427
0.077894
0.131286
0.00708
0.358541
0.022128
0.233628

0.075869
0.005619
0.032839
0.028969
0.060867
0.235383
0.091169
0.140632
0.118818
0.111586
0.09833
0.295992
0.072528
0.001656
0.036963
0.076574
0.108642
0.166294
0.104107
0.077654
0.100101
0.180024
0.192644
0.069226
0.17174
0.131662
0.168084
0.11294
0.101482
0.026454
0.189891
0.130366
0.07386
0.263584
0.038351
0.009005
0.092131
0.15004
0.031652
0.07795
0.092511
0.050752
0.340788
0.101482
0.105313
0.238989
0.099847
0.072593
0.27975

0.247336
0.264925
0.18249
0.106049
0.058551
0.167951
0.579925
0.04538
0.025997
0.202634
0.038717
0.117102
0.097782
0.101482
0.013924
0.131104
0.055945
0.108561
0.091165
0.095291
0.143138
0.193187
0.078941
0.092723
0.043829
0.094365
0.112049
0.07395
0.108728
0.076542
0.101482
0
0.622881
0.313684
0.03814
0.042034
0
0.084886
0.123163
0.273019
0.057109
0.08828
0.093323
0.014521
0.220638
0.028131
0.015747
0.105546
0.015054
0.035274
0.015817
0.260719
0.315016
0.023356
0.185142
0.179427
0.088977
0.035466
0.063629
0
0.002592
0.26769
0.0401
0.001694
0.355216
0.004461
0.087854
0.016489
0.18774
0.023505
0.037085
0.150137
0.434853
0
0.04567
0.095718
0.072945
0.371016
0.114573
0.174589
0.136097
0.112696
0.087323
0.05902
0.478957
0.04567
0.091218
0.069666
0.307595
0.102245
0.072945
0.190197
0.009473
0.034649
0.020055
0.074744
0.038321
0.014514
0.050513
0.12593
0.004213
0.857752
0.570951
0.068267
0.077654
0.095718
0.004502
0.095718
0.077654
0.0059
0.112696
0.081017
0.074744
0
0.003253
0
0.04567
0
0.025641
0.29395
0.036083
0
0
0.053502
0.125305
0.677057
0.00426
0.04567
0.01165
0.001694
0.100879
0.018743
0.338612
0.11837
0.014806
0.016359
0.055476
0
0
0.072945
0.371389
0.134454
0.04567
0.401272
0.095718
0.260728
0.001694
0.653914
0.056539
0.049615
0.04567
0.075948
0.04567
0
0.142219
0.020269
0.021621
0.400623
0
0
0
0.118878
0.063833
0.006012
0.072945
0.00254
0.121322
0.104919
0.147469
0.121678
0.026395
0.074744
0.204128
0.032733
0.065636
0.046672
0.146927
0.131458
0.066745
0.049438
0.081546
0.179037
0.193313
0.05157
0.212907
0.143576
0.007598
0.272538
0
0.18514
0.108891
0.104975
0.171551
0.085997
0.056945
0.092594
0.012315
0.09867
0.003044
0.011112
0.074744
0.013164
0.106951
0.112099
0.041853
0.201655
0.077654
0.115381
0.051911
0.204945
0.124412
0.215829
0.029907
0.106951
0
0.152221
0.099091
0.042388
0.114481
0.099627
0.428374
0.32787
0.115449
0
0.011838
0.09922
0.190207
0.082291
0.116318
0.125197
0.012486
0.158851
0.096437
0.193313
0.072945
0.023282
0.19238
0.110007
0.030417
0.008582
0.168466
0.035258
0
0.014806
0
0.111535
0.111535
0
0.017058
0.078045
0.136861
0.10474
0.195511
0.077876
0.072945
0.076734
0.108407
0
0.074744
0.072945
0.083858
0.683338
0.021903
0.329609
0.025202
0.115381
0
0.227791
0
0
0.193253
0.115381
0.774505
0.269519
0.330885
0.027427
0.140521
0.003076
0
0.077654
0
0.072945
0.002535
0
0.027427
0.143292
0.117456
0.02015
0.017721
0.128745
0.284132
0.924943
0.01769
0.170789
0.136251
0.088534
0.418276
0.05606
0.03249
0.04795
0.517593
0.03669
0.109248
0.00379
0.348368
0.093849
0.07331
0.466706
0.06873
0
0.030363
0.640674
0.101553
0
0.016483
0.023567
0.007298
0.002456
0.208778
0.201772
0.16165
0.0871
0.103618
0.144903
0.153694
0.055362
0.099012
0.062565
0.190455
0.028304
0.205839
0.072945
0.289818
0.105954
0.363152
0.371549
0.044369
0.176382
0.084761
0.065368
0.092575
0.078632
0.071815
0.106026
0
0.07325
0.074744
0.027427
0.182162
0.263304
0.00455
0.109561
0.053392
0.029803
0.450559
0.09341
0.004704
0.155172
0.099236
0.160764
0.554469
0.044206
0.072945
0.041103
0.182587
0.133103
0
0.031389