0
-0.297065
0
-0.332328
0
-0.869159
-0.396518
0
0
0.863708
0.752051
-0.743749
-0.420525
-0.617596
-0.326445
0
-0.326968
0
-0.543226
0
0
-0.473347
-0.269875
0.794711
0
0.307871
0
0.572635
0
0
0
-0.335121
0.722209
0.370889
-0.820496
-0.400938
0
0
-0.450416
-0.440432
-0.391054
-0.3309
-0.766003
-0.510918
0
-0.228493
0
0.283517
0
-0.42119
0.475682
0
0.692089
-0.739388
0.520696
0
-0.857617
0
-0.375923
0
0
-0.707008
-0.336127
-0.776006
0
-0.873049
-0.685187
0
-0.863009
0.714982
-0.864037
-0.649042
-0.702164
0
0.408824
0.52301
-0.923812
-0.697332
0
-0.647613
0
-0.282841
-0.724387
0
0.334974
-0.561648
0
0
0
0
0.860763
0
0.509038
0.846913
-0.685085
0
0
-0.397544
0
0
-0.420572
-0.481749
0.713603
0.741508
0
0.608187
0
-0.428046
0
0
0
0
0
0
0.913395
-0.314878
0
0
-0.478455
0
0
-0.8011
-0.904257
0
0
0.44119
0
-0.884062
-0.464529
0
-0.699739
-0.44521
0
-0.902092
-0.629543
-0.553137
-0.544486
-0.389745
0
0
0
0.434986
-0.669304
-0.387667
0
0
-0.832327
0
0
0
0
0
-0.68204
-0.547835
-0.388335
0
0
0
0
0
0
0
0
0.519542
0.353682
-0.767332
0
-0.294733
-0.697249
0
-0.462427
0.690939
0
-0.338181
0
-0.465505
-0.437831
0
0
0
0
0
-0.670977
-0.679597
0.517894
0.401895
0
0
0
0
-0.717887
-0.406151
0.460967
0
0
0.297921
0
0.600677
0
0
-0.531741
0
0
-0.431655
0
-0.69585
-0.674441
0.432323
0
-0.290946
-0.742701
0
0.398749
0
0
-0.811671
-0.742279
0
0
-0.640929
0
0
-0.577128
0
0
0.445209
-0.69961
-0.46212
0
0
0
-0.537768
0
0
-0.335314
-0.261357
0
0
-0.744947
-0.595761
0
0
-0.456419
0
0
-0.811773
0
0.609332
-0.593415
0
0
-0.486392
-0.723036
0
-0.411282
-0.811166
-0.478742
0.457656
0.358316
0.779525
-0.598079
-0.735657
0
0
0
-0.717452
0
0.63537
-0.758956
0
-0.772133
0.509221
0.488986
0.814651
-0.674441
0
-0.792759
0.23282
0
0
0.528227
0.606188
0.483571
-0.647512
-0.419401
0.460986
0.649767
0.913395
0
0
-0.714527
0
0
0.663459
-0.427416
0.972811
0
0
0.657666
0.566244
0.713227
-0.747874
0
0
-0.796901
0
0
-0.690651
-0.518692
0
-0.319109
-0.460185
0.489748
0.826631
0.531973
-0.705236
0.475163
0.448142
0
-0.470686
-0.814956
-0.505937
0
0
0
-0.501868
-0.328955
-0.809481
0
0
0
-0.741152
0.609562
-0.97951
0
0
0
0
-0.522101
-0.785907
0.558561
-0.421396
0
0.405139
-0.80238
0
-0.398493
-0.895461
-0.743128
0.532572
0
0
-0.613477
0
0
0
0
0
-0.420675
-0.915956
0
0
-0.408507
0.791792
0.781561
-0.804674
0
-0.728568
-0.206436
0
-0.265795
0
0
-0.348929
0.495262
0.455784
0
0
-0.636469
-0.756301
-0.453662
-0.52051
0
0.44921
0
-0.826679
0.790072
0
0
0
-0.363938
0
0.776273
-0.482056
0
-0.446889
0
0.836629
0
-0.430805
0.43486
0
0
-0.642236
0.488605
-0.601766
0
-0.555435
-0.876587
-0.426722
0.663721
0
-0.548702
0
-0.241278
0.733716
0.44259
-0.891401
0
-0.560875
0.526179
0
0
0
0.468995
-0.502844
0.343224
0
0
-0.635262
0
-0.767815
-0.29982
-0.385076
0.486787
0.332958
-0.560129
0
-0.517848
-0.295111
0
-0.916297
-0.813443
0.615349
-0.621658
0
0
-0.401229
-0.834354
0
0.779695
0.21274
-0.692999
-0.320985
0
0
0.957216
-0.438759
-0.890472
-0.632482
0
0
0
-0.413903
0.62329
0
-0.643784
-0.626112
0
0
-0.40115
0
0
-0.239492
-0.500809
0.594232
0
-0.850543
-0.532624
0
0.461555
-0.554818
0
-0.692116
0
0.599432
-0.744401
0.91355
0
-0.840308
0
-0.895461
-0.724808
0
0
-0.550967
0.483519
0
0.701403
0
-0.356281
-0.40289
-0.264796
0.592595
-0.768594
-0.608833
-0.500776
0.589262
-0.301626
0.592691
-0.629297
-0.535303
-0.635482
-0.360643
0
0.417161
-0.682054
0
0
0
0.756504
0
0.694917
0
-0.318623
0
-0.56792
0
0.289383
-0.903051
-0.448432
0
0.378926
0.738272
0.547902
-0.500107
0
0
-0.795494
0
0
0
0
0
-0.596494
0.699136
0.460987
-0.504984
0
-0.821217
0
0.441098
0.722785
0
-0.496166
-0.35907
0.457153
0
0
0
-0.759227
-0.942764
-0.450458
0.837144
-0.361812
0.481567
0.243488
0
-0.827753
-0.29741
0
0
-0.782715
0
0
0
-0.503274
0
0.473463
-0.48526
0.214177
0
-0.68769
-0.335391
-0.48585
-0.797552
0.802586
0.934663
-0.491225
-0.422089
0
0.296408
0
0
0
-0.439092
0
0
0.39878
-0.789087
0.661651
0
0.448604
-0.513584
0
-0.697379
0
-0.776413
0.580599
0.333273
0.701503
0
-0.471648
-0.204238
-0.346858
0.525577
0
0
0
0
0
0
0
0
0
-0.427252
-0.496704
0
0
0
-0.330681
0
-0.434548
-0.300814
0
-0.701575
0.594407
0
-0.466224
0
0.379005
0
0
-0.578034
0.666797
0.322914
0
0
0
0
0.512998
-0.721847
0
0
0
-0.682555
0.499022
0
-0.415692
0
0
0
0
0.660748
0
0
0
0
0.561813
-0.364753
0.56967
-0.618489
-0.844653
-0.448116
0
-0.288435
0
0
0
-0.804527
0.554912
0
-0.387978
0
-0.731517
-0.625331
0.43956
-0.832088
0
0
-0.217094
0
0
0.644768
0.745127
0
0.910039
0
0.355593
0
0
0.508945
0.475775
-0.678473
-0.643809
0.369714
-0.564902
0
0
-0.490129
0.52521
0
0
0
0
-0.415951
0
-0.736407
-0.249907
0
0.8843
0
0.533387
-0.629743
0
0.609122
0.685459
0
0.353682
-0.225473
-0.48362
0.252595
-0.617606
0
-0.820218
0.616149
0.480629
0.868267
-0.340536
0.624529
0
0
-0.520349
0
0.583881
-0.484979
0
-0.54592
-0.852941
-0.629844
0
0
0
0
-0.878862
0.455805
0
0
0.521948
-0.714897
0.44509
0
-0.867162
-0.435526
0
0
0.508723
-0.560065
-0.726169
0
0
0
-0.75722
0
-0.562041
0.489732
0
0
-0.430707
0
-0.276355
0.329713
-0.518485
-0.454546
0.610777
-0.355123
0.794937
-0.842538
-0.760071
0.482114
0
-0.828318
0
0
-0.380693
0
-0.342176
-0.510422
0
0
0
0
0.797178
0
-0.567017
-0.233013
0
0.556519
0
0
-0.545643
0
0
0.490743
-0.767718
0
0
0.468069
-0.369911
-0.500754
-0.488264
0
0.522654
-0.548331
0
-0.576538
0
0
0
-0.632543
-0.629929
-0.545557
0
0
0
0
0
-0.805204
0
0
0
0.387268
0.984441
-0.344026
0
-0.929953
0.689164
0
0
-0.592252
0
0
-0.555795
0
0.740021
-0.771854
0.675575
-0.346252
0
0
0
-0.877442
0
-0.421553
0
0.393052
0
0
-0.859611
0.470757
-0.210078
0.429518
0
0
0.531968
0.636115
0.412051
-0.557493
-0.222404
0.718329
-0.485381
0.576548
-0.458324
-0.280916
-0.308901
0
0
-0.724095
0.533742
-0.607081
-0.925711
0
0
0.406842
0.80522
0
0
0
0
-0.74819
0
0.459862
0.472637
-0.817322
0
-0.356703
-0.432498
-0.643671
0
-0.352921
-0.351451
0
0.551853
-0.235822
-0.339374
-0.547878
-0.549363
0
0
0
-0.452623
0.841894
0
0.662128
-0.882059
0.517894
0
0
0.608292
0
-0.43872
-0.532952
-0.685155
-0.368329
-0.438006
0.476576
-0.402812
0.33684
-0.877798
0.264319
-0.866707
0
0
0.721433
-0.586008
-0.350985
0
0
-0.664295
0
-0.554085
-0.337027
0.579385
0
-0.393933
0
0
0.418875
0.534153
0.45505
-0.509775
0
0
0.672426
-0.405411
0
0
0.349754
-0.416142
-0.595878
-0.46407
0
0.898352
-0.308213
-0.915703
0
-0.335104
-0.675508
-0.645411
-0.631249
0
-0.52066
-0.688933
-0.572707
0
-0.380997
0
0
0
0
-0.505343
0
0
-0.511475
-0.90744
0
0
0
-0.364066
-0.540147
0.958805
0
-0.464531
0
0
0
0
0
0
0.460419
-0.489056
0
0
-0.602186
-0.884009
-0.369286
0.221748
-0.620802
-0.826772
0
0.847882
-0.493391
-0.468993
0
-0.458626
0.469178
0
-0.65955
0
0
0
-0.813518
0
0.61184
0.543271
0
0.744275
-0.493678
-0.651791
0
-0.535529
0.351776
-0.0907393
-0.571509
0
0.894807
0.799115
-0.69848
-0.406566
0.276317
0.450993
0
0.607298
-0.326821
0
0.516853
0
-0.698302
-0.643158
0
0.272057
0
-0.645123
-0.885357
0
0.512329
0
0
0
0
-0.617798
0
0.84302
0.957477
-0.602294
0.767653
0
0.69393
0.535975
-0.910882
0
-0.867398
-0.702512
-0.654491
-0.690869
-0.539097
0.306622
0.578529
0
0
0
0.534428
-0.232606
0.486972
-0.366722
0
0
0
0
-0.566916
0.873563
0
0.415858
0.609332
-0.774008
-0.471596
0
0
0
-0.760175
-0.600469
0.531201
0
0
0.7958
0
0.369423
-0.556089
0.633061
0.528396
-0.640803
0
0
0
0
-0.577013
0.332986
0.442691
0
0
0
-0.346898
0
0
0.594963
-0.95619
0
0
0.667254
-0.678504
-0.465519
-0.617596
-0.282068
0
-0.626383
0.473048
-0.753293
0.540963
0.702177
0
-0.638699
0
0.648581
-0.643931
0.296428
-0.544517
-0.421162
0.628968
-0.840707
0.599507
0.847561
-0.623576
-0.491386
0
-0.269735
0
-0.392072
0.489904
-0.595301
0.387821
-0.402187
0
0.804852
-0.445444
0.62899
-0.546578
0
-0.803807
0.240524
-0.10304
-0.420913
-0.531804
0
-0.422865
-0.757652
0.82901
-0.48902
0
-0.660883
-0.38628
0
0
0.510385
-0.866511
0.934663
-0.754476
-0.727801
0
0.837237
-0.606844
-0.588567
0.689472
0.7955
0.707846
0.810292
-0.621736
-0.777312
0
0.506909
0
-0.396045
0
0.524422
0
0
-0.648316
-0.413006
0
0
0
0
-0.330026
-0.678192
0.607869
0.547852
-0.55572
0.524422
0
0
0
-0.455072
0
-0.866871
0
0
0.827462
-0.808591
-0.653387
0
-0.770427
-0.685428
0.508453
-0.730249
0
0.827474
-0.421065
-0.623348
0
0.499204
0
-0.669999
-0.563945
0
-0.371195
0.737699
0.561394
0.7172
0
0
-0.645104
0
0
0
0
0
0.551048
0.779314
0.907817
0
0
-0.671785
0.232942
0.834339
0
0.269546
-0.265001
0.753382
0
0.623451
-0.502584
-0.829098
0
0.511693
-0.640258
0
0.810292
0
0
-0.922045
0.61847
-0.83927
-0.860943
0
0.787068
-0.280831
0
-0.86306
0
0.205718
0.833218
-0.682222
-0.872369
0.734011
0.835899
-0.245864
-0.643723
-0.50489
-0.915064
-0.567332
0
0.437328
-0.542603
0
-0.248536
0
-0.241906
0.712088
-0.671552
0.55672
0.86965
0.258915
0.899828
0.753382
0
-0.769824
0.676284
0
0
-0.625596
0.836168
0
-0.862792
0.766977
0
0.624317
0.358726
0.858178
0
0.297357
-0.395143
-0.406912
0
-0.837459

-0.554818
0
-0.255725
-0.850099
0.43317
-0.486542
0.43879
0.850158
0
0.507192
-0.740533
-0.631412

-0.78138
0.851094
-0.353595

0
-0.366775
0
0
0
-0.605808
-0.508426
0
-0.854024
0.33684
0
0.892423
0.544218
0
-0.745965
0.433708
0
-0.33896
0
0
0.820578
0.940112
0.533803
-0.785409
0
-0.300683
-0.494403
0
0
-0.711647
0.536104
0.757455
0.73769
-0.931321
-0.765271
0.780826
-0.494184
-0.519222
-0.534194
0
-0.407145
0.645723
0
-0.609548
-0.807472
0
0
0.858076
-0.473552
0.66383
0
-0.749967
0
-0.468643
-0.640677
-0.725792
0.63072
-0.679265
-0.877105
0.364491
0.439964
-0.532121
0
0
0.715987
0.535204
-0.582257
0.632029
0
0.480379
0
-0.785371
0.711591
0
0.46589
-0.492501
-0.668115
0
0.495894
0.909785
-0.857921
0
-0.860215
0
-0.305569
-0.452055
-0.506455
-0.432078
-0.648612
-0.91816
0.493928
-0.539561
0
0.747067
0.388235
0.573274
0
-0.601695
0
0.338767
0
0.624749
0
0
0.636837
-0.592143
0
-0.649042
0
-0.443215
0.925223
0
0
0.482495
0
0
-0.0907393
-0.55564
0
0.463477
0
0.90339
-0.351206
-0.861217
-0.281812
-0.347871
0
-0.479616
0
0
0.537713
-0.351117
-0.558107
0.929932
-0.574175
-0.295403
-0.259531
-0.262565
-0.257681
0
-0.45819
-0.473349
0
0
-0.499864
0
0
0
-0.530989
-0.859097
-0.52703
-0.438017
-0.491217
-0.420654
0
-0.648947
-0.31293
-0.65496
0.462379
0.539131
0.964088
0.682131
-0.502117
-0.553725
-0.624044
-0.354799
-0.322198
0.786801
-0.569221
0.718643
0
0
0
-0.690058
-0.537551
-0.731588
0
0
0
-0.711837
0
0
0.927624
-0.697828
0.391424
-0.609419
-0.705779
0
-0.684884
-0.878922
-0.370763
-0.834679
-0.405925
0
0.344277
0.385707
0.801385
0.740638
0.664598
0
0.857309
-0.278352
-0.627205
-0.284011
0
0.356971
0.802673
0.870176
-0.520826
0
0
0.534644
-0.869861
0
0
-0.661592
-0.425033
-0.747407
0.306281
0
-0.860668
-0.703513
-0.792442
0.312853
0.350483
-0.559869
0.820817
0
-0.640649
-0.663604
0
-0.681005
-0.366109
0
0.38204
0
0.843107
0
-0.471939
-0.459966
0
-0.332338
0
-0.456575
0.753382
0.609332
-0.661715
0
0.353682
0.535256
0
0
-0.797634
-0.407267
0
0
0.681239
-0.416062
0
0
0
-0.490813
0
0
0.803145
0
0.811376
-0.614064
0
-0.720288
0.926391
0.262824
0
0.444371
0.535256
0
-0.304387
0
0
-0.578504
0.826166
0
-0.675727
0
0
-0.643233
0
0.88821
0.830735
0
0.21111
-0.314287
0
0.650937
0.625884
0
-0.389351
0
-0.475359
-0.255584
-0.224555
0.454548
0
0.94864
0
0.516479
-0.658195
0
0
0.836329
0
0
0.586336
0.733436
0.303669
0.613501
0.722956
0.656482
0
0
0.600388
0.400641
-0.5974
-0.502499
-0.561862
-0.515638
0.487899
0.39238
-0.347952
-0.445388
0.934663
-0.70651
0
0.400963
0
-0.527256
0
0
-0.798231
0.805494
0
-0.908981
-0.84664
-0.561621
0
0
0
0
0
0
-0.65891
0
-0.58433
0
-0.372259
0
0.800238
0
-0.695282
0.815098
0
0
0
-0.841284
0.343661
-0.690354
-0.298766
0.73918
0.56461
0.740439
0
0.692089
0.69393
0
0
0
0
0
0
0
0
0
-0.521888
0
-0.66928
-0.656123
0
0.729846
-0.555751
0
0
-0.865281
0
-0.86786
0
0
0.698668
-0.497067
-0.697898
0
0.593445
0.839264
0
0
-0.713925
-0.400368
0
0.590637
-0.607727
0
0
-0.777266
0.307001
0
-0.355082
-0.887938
0.735659
0
0.843672
-0.382918
-0.302592
-0.566093
0
0
0
0.317791
-0.260429
-0.440688
-0.352464
-0.955373
0
-0.775921
-0.326821
0.4779
0
0.807771
-0.331702
0
-0.298312
0
-0.306044
0
-0.733492
-0.689952
0
0
-0.57691
-0.662475
-0.428133
-0.431276
-0.579412
0
0
0
0
0
-0.79783
-0.811291
-0.651429
-0.404118
-0.249771
-0.765205
0.271417
0.869448
0
-0.907692
0.353682
0
0
0.679007
-0.232315
0
0
0.615141
0.77811
0.282098
-0.729871
0
-0.515456
0
-0.84648
-0.408507
0.926823
0
-0.393933
0
0
0.544729
0
0.289978
-0.873989
-0.38949
-0.632724
0.263037
0
-0.649202
0.361924
0
-0.319061
0.239747
-0.546925
0.492812
0.546764
0
-0.569292
-0.500492
0
-0.909468
-0.582429
0
0
0
0
0
-0.489398
0
0
-0.829225
0
-0.722094
-0.66015
-0.910281
0
0.215583
-0.394734
0
-0.633082
0
-0.788924
-0.814151
-0.670616
-0.446174
-0.913442
0
-0.629409
-0.789758
-0.579521
-0.85324
-0.751295
-0.896922
-0.438073
-0.90709
-0.678198
-0.726553
0
-0.845735
-0.899126
0
0
-0.657006
-0.80179
0
-0.906038
0.320387
-0.83661
-0.320207
-0.774723
-0.879113
0.810292
-0.612506
-0.454965
0
-0.684281
-0.784315
-0.767197
0
0.539743
-0.830219
-0.660052
-0.360799
0
0
0
0.505094
0
0
-0.523182
-0.812526
-0.734422
-0.345161
0
-0.651149
-0.791088
-0.4617
-0.569035
-0.549739
-0.596588
-0.868578
-0.519607
0
-0.734508
-0.766898
0.241594
-0.698068
-0.771615
-0.83812
-0.872029
0
-0.760692
-0.502183
0.400183
-0.868053
0
0
0
0
-0.378373
-0.902495
-0.0999629
-0.602376
0
-0.642088
-0.669829
0.316748
0.431328
-0.703242
0.511357
0
-0.70975
0
0.151728
0
-0.887671
-0.737644
-0.784311
-0.843804
0.456177
0
-0.801873
-0.896817
-0.581702
-0.856146
0
-0.912161
-0.795648
-0.890785
-0.666701
0
-0.682414
-0.275747
-0.451717
-0.460904
-0.618499
-0.779884
-0.236114
-0.593993
-0.679531
-0.538527
-0.600474
-0.847958
-0.580237
-0.793009
-0.727875
-0.765682
-0.657853
0
-0.845161
0
0
-0.889925
-0.793271
-0.514622
0
0
-0.743095
-0.481527
0.652092
0
-0.657612
0
0
-0.564237
-0.309469
-0.747825
-0.86519
0
-0.578522
-0.63426
-0.669316
-0.810861
-0.824783
-0.905446
-0.828544
-0.278422
-0.638652
-0.827856
-0.714889
-0.282926
0.353682
0
0
0
-0.425901
-0.933065
-0.669187
-0.645441
-0.824087
-0.788762
-0.558004
0
0.618845
0
-0.660665
-0.660156
0.222787
0.516129
-0.90238
-0.773626
-0.772824
-0.732151
-0.813344
-0.916774
0.834573
-0.907146
-0.475483
0
-0.751631
-0.601791
0
0
-0.746191
0.53086
0
-0.791707
-0.423373
-0.937902
0
-0.535411
0
-0.791447
0
-0.772585
-0.68896
-0.878475
-0.576938
-0.575358
-0.443186
0
-0.667812
-0.707668
-0.786083
0
-0.795769
-0.699323
-0.86536
-0.562289
-0.657202
-0.875137
-0.812985
-0.760278
-0.776753
-0.71404
-0.742312
-0.713942
-0.653627
-0.526338
0
-0.834441
0
-0.458361
0
-0.547655
0
-0.719714
-0.907886
-0.812911
-0.666229
-0.402092
0
-0.491567
-0.32609
0
-0.895199
-0.917087
0
0.357493
0.738911
-0.9305
-0.485645
-0.61688
-0.573057
-0.899976
0.33684
0
-0.748241
0
-0.727447
0
-0.828256
-0.847655
-0.700831
-0.8532
0
-0.775234
-0.79598
-0.815994
-0.379839
-0.678205
-0.739546
-0.850971
-0.897416
0.523179
-0.68822
0
-0.755151
0
-0.733691
-0.91785
0
-0.683885
-0.910083
-0.627395
-0.651663
0
-0.887758
-0.584768
-0.882304
0
0
-0.871888
-0.841139
0
-0.579946
-0.935353
-0.345409
-0.427388
-0.889735
-0.600611
-0.713344
-0.486737
-0.690581
-0.574026
-0.876769
0.442102
-0.928368
0
0.621854
0.0777495
0.452681
-0.672363
0.689717
-0.661214
-0.847149
-0.616537
-0.674132
-0.686556
0
-0.816835
-0.837162
0.705196
0
0
-0.940471
-0.671899
-0.906897
-0.875064
-0.591099
-0.508488
-0.764251
0.439461
0.392237
-0.813343
0
-0.482633
-0.742868
-0.928785
-0.925711
-0.884581
-0.788226
-0.487334
-0.869161
-0.861885
-0.61211
-0.871169
-0.422549
-0.827793
0.847478
-0.76696
0
-0.703948
-0.905886
-0.705857
-0.866409
-0.549837
-0.739233
-0.886911
-0.43312
-0.753506
-0.398741
-0.224048
-0.280703
-0.516867
-0.750117
-0.432597
-0.743795
0
-0.792556
-0.889035
0
0
-0.631092
0
-0.796164
-0.657124
0
0
-0.372313
-0.593574
-0.883877
-0.832311
-0.714006
0
-0.871445
-0.913847
-0.830064
-0.721046
-0.611435
-0.74406
-0.421039
0
-0.79574
0.785704
-0.431573
-0.895923
-0.623879
-0.818154
-0.542265
0.81832
-0.842616
-0.912121
-0.789869
0.516817
0
-0.745812
0
-0.773512
-0.91073
-0.659536
0
-0.392722
-0.850987
-0.550398
0
-0.569488
-0.575772
-0.700147
-0.912919
-0.542666
-0.59504
-0.822258
0
-0.889462
-0.829072
-0.687507
-0.756747
-0.654825
-0.821537
-0.634541
-0.790212
-0.830958
-0.782214
-0.698256
0
-0.628915
0
0
-0.63726
-0.843651
-0.614723
0
-0.873534
-0.878882
0
-0.554373
-0.703517
0.316317
0.546806
-0.78976
-0.943299
-0.620503
-0.602499
-0.864112
0
0.74947
-0.750304
0.810292
-0.876268
-0.868143
-0.474493
-0.608047
-0.699478
-0.87135
0
-0.901724
0.581269
-0.862567
-0.835633
-0.306498
0
-0.521435
-0.688288
0
-0.716182
-0.826367
0
-0.905887
-0.721202
-0.715499
-0.583116
-0.911426
-0.53008
0
-0.796579
-0.895457
0
-0.840998
-0.876759
-0.625692
-0.694253
-0.476615
0
-0.920321
-0.802035
-0.637423
0
-0.526032
0.289135
-0.441923
-0.749438
-0.871237
-0.913981
-0.802327
-0.298778
-0.479808
-0.877759
-0.690626
0
0.416681
0
0.451808
-0.628404
-0.861808
-0.902836
-0.840532
-0.80414
-0.374039
0
-0.713582
-0.88767
0.510132
-0.756865
-0.8074
0
0.424125
-0.725894
0.550672
-0.772885
-0.814324
0.375104
-0.610858
-0.582548
0.541616
0
-0.878389
-0.53004
-0.42119
-0.734303
-0.817684
0
0
-0.62241
-0.920413
-0.916335
0
-0.859888
-0.833518
-0.381575
0.65036
0
-0.807389
0.415158
-0.844728
0.479287
-0.898686
0
-0.519498
-0.674825
0
0.869327
0
0
-0.299526
-0.826385
0
-0.824865
0
-0.79135
0.353682
0
0.849984
-0.832037
-0.570564
0.799318
0
-0.903781
-0.553252
0.930754
-0.43975
0
0.348286
0
0
0
0
-0.823068
0.808129
-0.787753
-0.934647
-0.83418
-0.785534
0.828568
-0.935435
0
-0.856894
-0.894818
0
-0.898915
0
0
-0.587134
-0.699199
0
0
-0.857975
-0.570351
-0.716429
0.744275
-0.811696
-0.916309
-0.328745
-0.951412
-0.604923
-0.728189
0
0.505078
-0.591647
0.48128
0
0
-0.833198
-0.643525
-0.884564
-0.297558
0
-0.724485
0
-0.877833
0
-0.636675
-0.27969
0
-0.716875
0
0
-0.661052
-0.403766
-0.601187
0
0
-0.672883
-0.450954
-0.457525
-0.478985
0
-0.581048
0
0
-0.854891
-0.706495
0
-0.834742
-0.387449
0.382964
0
0
-0.475774
-0.425594
0
0
0
-0.325643
0
-0.555943
0.586191
-0.648101
-0.405367
0.975082
0
0
-0.50145
0
0.218013

-0.55857
0.445352
0
-0.846057
-0.350386
-0.597241
0
0
-0.724966
-0.702902
-0.701525
-0.366108
0.418878
-0.720578
-0.337904
-0.280029
-0.566312
0
-0.675322
-0.668576
0
-0.449105
-0.373287
-0.890193
0
-0.722912
0
0.327297
0
-0.846207
-0.837497
-0.675769
0
0
-0.688408
-0.577888
-0.923386
0
-0.564855
-0.662353
0
0
-0.332981
0.578512
-0.550374
-0.315044
0.915336
0
-0.673165
0
0
-0.845248
0
-0.653495
-0.784015
0
0
-0.384795
-0.780367
0.67959
0.856245
0.61479
0
0.918
0.54826
0
-0.551102
0.73199
-0.898055
0
-0.489706
-0.424558
-0.278545
0.785076
-0.616747
-0.662582
-0.46937
-0.843562
0.792306
-0.434488
-0.312085
-0.48788
0
-0.68693
0
-0.443991
-0.779722
0
0.36298
-0.599414
-0.79217
0
0.488156
-0.834679
-0.218179
0
-0.366195
0
-0.806651
-0.701106
0.429873
0
0
0
-0.920096
-0.251992
0
-0.300306
-0.802513
0.62046
-0.656777
-0.608694
0
0.346602
-0.669312
0
-0.817004
0
-0.637324
-0.808414
-0.728266
0.498029
0.424745
-0.646665
-0.521858
-0.421584
-0.61556
0
0
-0.361686
0
-0.59534
0
-0.838153
0
0
0
-0.424704
-0.652497
-0.781873
-0.848045
-0.682457
-0.804445
0.346602
-0.622634
-0.67927
0
-0.822401
-0.614243
-0.529626
-0.877696
-0.593482
-0.477002
0
0
0
-0.673341
0
0
-0.799984
-0.693176
0
0
0
-0.543194
-0.684776
-0.661974
-0.449196
0.778582
-0.767489
-0.671841
-0.8987
-0.469421
-0.690614
-0.833319
0
-0.438764
0.739674
-0.922161
0.759554
0.498281
0
-0.584422
-0.432082
-0.246446
-0.604509
-0.381
0.505731
0.347164
0.761663
0
0.413608
-0.893591
-0.485708
0
0
-0.615663
-0.304629
-0.905967
-0.563978
-0.836126
0
0
-0.901811
-0.453322
-0.671593
-0.762776
-0.769137
-0.404687
-0.805393
0
-0.597831
0.748394
0.468008
-0.337165
0
0
0
-0.308673
-0.586898
0
0
-0.793837
-0.473552
-0.536732
0
0.274245
0
-0.676549
0
-0.642151
-0.698815
-0.682936
-0.682685
0
-0.673023
-0.607602
0
-0.548762
0.552174
-0.91279
-0.887873
0
-0.665078
-0.332737
0.396447
0
-0.638775
-0.87079
-0.478762
-0.828503
-0.583614
0.710252
0
-0.533026
0
-0.506457
0.747067
-0.784728
0
-0.631853
0.832187
-0.752909
0
0
-0.66944
0
-0.36755
-0.466773
-0.597829
0.417835
0
-0.52534
0
0
-0.57794
-0.559324
0
-0.557071
-0.620471
-0.706606
0
0.74667
-0.462706
-0.309813
-0.495132
-0.425794
-0.8648
-0.474659
0.814811
0.607233
-0.301649
0
0.596438
-0.701106
-0.318957
0
-0.71506
0
0
0
0
-0.512753
0
-0.740718
0
0
-0.384844
0
0
0.511607
-0.38314
0.822831
-0.731886
0.643319
0
0
0
0
-0.43439
0.692089
0
-0.527476
-0.748309
-0.468973
-0.434229
-0.665909
0
-0.552936
-0.818654
0
-0.410229
0
0.304613
0
0.483451
0
-0.295623
0
-0.645661
0
-0.582234
-0.563597
0
-0.371245
0
0
-0.286456
-0.842078
0
0.488042
-0.609796
0
0
-0.898406
-0.226317
0.25663
0
0
0
0
-0.812774
0
0.448966
0.445531
0.784002
-0.787502
-0.384369
-0.743366
-0.892164
0
-0.388933
-0.541939
-0.895827
0.694565
-0.779349
0
-0.601044
-0.478994
-0.4456
-0.833982
0
-0.845592
-0.316766
-0.346052
-0.87672
0
0.916425
-0.214815
-0.564735
0.587241
-0.899382
-0.896729
0
-0.525544
0.769054
-0.489933
-0.335231
-0.772784
-0.39741
0
0
-0.330537
0
0.785589
0.478294
0
-0.696899
-0.854197
-0.748618
-0.682155
0
0.587241
0
0
-0.633577
-0.355193
-0.608829
-0.648843
0
0
0.45906
0.421183
0
-0.322407
-0.473765
0
-0.781267
-0.361686
0
0.81552
0
-0.618154
0
0.772009
0
0
-0.772653
0
-0.426427
0.543149
-0.625188
-0.443454
0
-0.854099
-0.527162
-0.362506
0
0
0.489475
0.646979
-0.828544
-0.913083
-0.714456
-0.812001
0
-0.64794
0
-0.785727
-0.260043
-0.596799
-0.258141
0.591769
0
0.864672
0
-0.529615
-0.548901
-0.596039
-0.695117
-0.680892
-0.69139
-0.456985
-0.489683
-0.685767
0
-0.689698
-0.57012
-0.226443
-0.625845
0
0
-0.878587
-0.535835
-0.72581
0.380597
-0.629649
-0.783779
0.444522
-0.573092
-0.371881
0
-0.452901
0
-0.26197
0.471168
-0.866416
-0.42134
0
0
0
-0.707736
-0.72778
-0.442061
-0.82499
-0.661758
-0.397914
0
0
0.69408
-0.746826
-0.778315
-0.790483
-0.495587
-0.748394
0
0
-0.327473
-0.321422
-0.54915
0
0
-0.92589
0.293774
0
-0.472236
-0.776944
-0.555988
-0.319556
0
-0.297011
0
-0.6169
-0.736827
0.574868
-0.697597
0.467139
-0.498613
-0.812435
-0.265102
-0.71165
0
-0.372245
-0.797332
0
0.432086
0
0
0
-0.326747
-0.70567
0
-0.308575
-0.471204
0
0
-0.803632
-0.83419
-0.0453627
0
-0.922449
-0.337291
0
-0.840046
-0.775643
-0.866918
-0.921398
-0.84228
0
0
0
0
-0.559803
-0.39584
0
0
-0.68728
0.343468
-0.306163
0
-0.61995
-0.695126
-0.413477
-0.323439
0
0.388505
-0.759733
-0.526818
-0.919829
-0.811973
0
-0.843102
-0.474652
-0.485693
-0.528106
0
-0.669547
-0.531781
0
0
0
-0.515646
0
0.64445
-0.397779
0.752469
0
-0.673358
-0.674048
0
-0.535352
-0.753242
-0.816521
0
0.387008
-0.891316
0
-0.257149
0
-0.591239
0
0
0.458931
0
-0.35531
-0.738276
-0.662642
0
-0.479738
0.353021
0.222986
0
0
-0.412297
-0.857924
-0.361224
-0.446592
0
-0.676551
0
0.548335
-0.591691
0
-0.442558
-0.618513
-0.442558
-0.594955
-0.882207
-0.9038
-0.542877
0
0
-0.489691
-0.656622
-0.644811
-0.27857
-0.757689
-0.666985
-0.814289
-0.601966
-0.601966
0
0
-0.652456
-0.74637
-0.818156
-0.442558
0.293789
-0.628591
-0.601966
-0.831886
-0.601966
0
0
-0.501263
-0.538947
-0.793547
-0.601966
-0.574141
0
-0.453803
-0.744991
0
-0.768407
-0.729424
-0.766796
-0.485449
-0.609119
-0.912843
-0.900531
-0.654374
0.693274
-0.474657
0
-0.745525
-0.57601
-0.787982
-0.414584
-0.342176
0.616435
-0.45585
-0.399766
0
0
-0.718955
0
-0.611061
0
-0.769331
-0.345188
-0.917213
0
0
-0.582532
-0.582778
0
-0.517051
0
0.515017
0
0.57363
-0.800738
0
-0.890551
0
-0.443106
-0.696866
0.443468
-0.342176
-0.459067
-0.30592
0
-0.311019
-0.340946
0.532297
-0.831886
-0.540993
0.439307
0
-0.592305
0.587117
-0.512373
-0.796651
0
0
-0.411655
-0.700864
0
-0.695492
0
-0.831886
-0.668717
0
0
0
-0.651405
0
-0.489776
-0.754055
-0.371229
0
0
-0.874508
0
0
0
0
-0.457211
-0.718627
0
0
0.369882
-0.426772
-0.371229
-0.647532
0
0
-0.755441
-0.723948
0
0
0
-0.214326
-0.46008
-0.260788
0.565935
0.379257
-0.836408
-0.61684
-0.492528
0
0.238206
0
0
-0.371229
-0.233832
0
0
0.450969
0
-0.718627
0.609971
-0.476006
0
-0.788416
-0.477897
0
0
-0.461397
0
-0.815461
-0.922088
-0.755275
-0.255394
-0.560129
-0.440617
-0.535835
0.358649
-0.718627
-0.562701
-0.551921
-0.616937
-0.456253
0
-0.719727
-0.780387
-0.523527
0
-0.371229
0
0.609464
0
0.625789
-0.639575
-0.847839
-0.775505
-0.388
-0.718627
-0.573018
-0.802807
0.51953
-0.409516
0
0
-0.229703
0.44403
-0.718627
0
-0.517895
-0.828127
-0.663343
0
0
0.566045
0
-0.723847
-0.563795
-0.886975
-0.456826
0
-0.830194
-0.75543
-0.391936
-0.79135
-0.475155
-0.838813
-0.893586
-0.44703
-0.842729
0
0
-0.556559
0
-0.739969
-0.90527
-0.812219
0.353682
-0.581457
-0.678992
-0.500514
0
-0.598528
-0.816301
-0.508349
0
0
-0.541947
-0.778871
-0.701844
-0.710825
-0.63303
-0.744185
-0.764765
0
-0.584931
0
-0.896831
-0.646201
-0.494393
-0.716182
0
0
-0.363108
0
0
-0.53931
-0.64269
0
-0.528383
-0.7561
-0.647177
-0.682555
-0.352755
-0.366755
-0.778537
-0.610313
-0.710675
0
0
-0.614143
0
-0.821162
-0.812239
-0.944094
0
0
-0.39168
-0.386439
0
-0.692779
-0.662824
-0.904975
0
-0.445582
0
-0.801907
0.707351
-0.607014
-0.689983
-0.606656
-0.642003
0
0.700639
0
-0.425898
-0.688198
0
-0.35211
0
0.493317
0
-0.426772
-0.874453
0.807636
-0.552198
-0.323191
-0.639575
-0.658091
-0.566835
-0.421274
0
-0.626588
-0.421274
0
0
0.70111
-0.545602
-0.704836
-0.816561
0
-0.770587
-0.362936
0
0
-0.630109
0
0
-0.48928
0
-0.814933
0

-0.906365
-0.854169
-0.425486
-0.593222
0
0
-0.298288
-0.425486
-0.778036
-0.624305
-0.897024
-0.583912
-0.686318
0
0
-0.625437
-0.61684
0
-0.366377
0
-0.236114
-0.920324
-0.874423
-0.66271
0
-0.532104
-0.815452
0.306216
0
0
-0.259402
-0.843475
-0.320801
-0.252463
0.276948
0
-0.477097
0.446454
-0.724908
0
-0.80414
0
-0.475292
0
-0.583713
-0.588695
0
-0.71478
0.627174
-0.846595
-0.698088
-0.878578
-0.562329
-0.636696
-0.512581
0
-0.473295
0
0
0
-0.838306
0
0
0.78954
-0.827882
-0.757593
0
-0.431503
-0.719727
-0.634275
-0.765769
0
-0.512598
-0.49752
0
-0.417396
-0.586582
0
-0.526472
-0.420649
-0.784014
-0.455593
0.711378
0
-0.789525
0
-0.626188
-0.352657
0
-0.491234
0
-0.475195
0
0.536312
-0.441756
-0.445174
-0.577676
-0.604418
-0.497906
0
-0.735032
0.373891
0
-0.675014
-0.434385
0.392607
-0.781092
-0.771468
0
-0.51929
-0.760915
-0.870648
-0.702655
0
-0.703732
0.335916
-0.408052
0.71378
-0.631818
0
-0.618238
0
0.500949
0
-0.658356
0
0.506859
0
0
0
-0.438683
0
-0.871775
-0.759246
-0.335643
-0.553082
0.60809
-0.498359
-0.341119
-0.714893
0
-0.781053
-0.416491
0.297063
-0.401923
0
-0.619866
-0.338361
-0.787063
-0.562334
0
0
0.504306
-0.668164
-0.810059
-0.831533
0
-0.570564
-0.833618
0.38371
-0.40546
-0.725528
-0.764228
0.297268
-0.940101
0
-0.535894
0
0
-0.75414
0.417835
-0.947526
0
0.78661
-0.358035
-0.331765
-0.850035
-0.524219
0
-0.532523
-0.525434
0.769475
-0.651872
0.563355
-0.673105
-0.453429
0.528367
0.224114
0
0.453344
-0.779969
0.800777
0.7969
0
0
0
-0.427468
-0.430046
-0.751016
-0.543983
-0.7477
-0.644215
0.302878
0.359602
0
0
0
-0.588629
-0.819883
-0.766544
-0.740976
-0.689709
-0.608754
-0.776685
0
0
-0.375044
0
-0.721193
-0.724367
-0.47613
-0.847547
0
0.722993
-0.843502
-0.409966
0
-0.517465
0
-0.282295
-0.354148
-0.786542
-0.392348
0
-0.59072
-0.748217
-0.515188
-0.703179
-0.735485
-0.390425
-0.614948
0

-0.880999
-0.622918
-0.785721
0.72837
-0.345035
0
0
-0.801547
0.650039
-0.72285
-0.563721
-0.917277
-0.920209
-0.531387
-0.901382
0.544227
0
-0.6943
0.396113
-0.412738
-0.260107
0
0
-0.423152
-0.489502
-0.418082
-0.885357
0
-0.748762
-0.610502
-0.717201
-0.903858
0
-0.876734
-0.672543
0.581566
-0.458894
-0.769305
-0.581119
0
0
-0.55519
-0.222921
-0.89427
-0.942821
-0.594266
-0.597371
-0.871152
-0.25465
0.575114
-0.929118
-0.812144
-0.75728
-0.54376
-0.26524
-0.894215
-0.618426
-0.658015
-0.563393
0.852276
-0.922449
-0.64538
-0.718085
0
0.371919
0.57155
-0.414216
-0.900513
-0.591781
0.679007
-0.620224
0.575757
-0.675301
-0.632681
-0.735609
-0.520079
-0.84435
-0.841659
-0.864449
-0.883105
-0.728239
-0.878376
-0.851732
-0.465113
0.530843
0.681428
-0.430218
-0.686909
0.603791
-0.911909
-0.537747
-0.466229
-0.930007
-0.69158
-0.944512
-0.64945
0
0
-0.916874
-0.63083
0
-0.895461
0
0
-0.342176
-0.445704
-0.842862
-0.895997
-0.675878
-0.698825
0.527578
-0.83661
-0.272134
0
0
-0.891324
0
-0.840016
0
0
-0.541061
-0.895443
-0.864581
-0.895352
-0.564101
-0.480677
-0.914666
-0.642091
-0.791707
-0.649447
-0.410787
0.50136
0
0
0
0.514022
-0.710926
-0.895109
-0.752816
0
-0.911359
-0.843642
-0.79923
-0.88674
0
0
0
-0.242542
-0.418644
-0.705015
-0.342176
-0.89103
-0.635308
-0.890361
-0.931879
-0.895461
-0.87205
-0.483074
0
0.376932
0
-0.876329
0.332877
0
-0.90196
0.261442
0.42409
0
-0.849131
-0.555679
0.553697
-0.577987
-0.878375
-0.941863
-0.717938
-0.62957
0
0
-0.38648
-0.908701
-0.926671
-0.278109
-0.861816
0
-0.320412
-0.353986
0
-0.716943
-0.918523
-0.818519
-0.485183
-0.94835
-0.527547
0.896767
0.353682
-0.82662
-0.875411
-0.752121
-0.892764
-0.907726
-0.788538
-0.885792
0
0
-0.457994
-0.541579
-0.927943
-0.742094
-0.698923
0
0
-0.791887
0
-0.41746
0.341304
-0.92519
-0.592682
-0.733983
-0.498952
-0.73471
-0.91432
0
-0.900582
-0.560284
0
-0.578197
0
0
-0.897516
-0.92996
-0.588273
-0.702342
0
-0.836071
-0.646861
-0.449136
0.207631
-0.679904
0
0.442102
-0.486287
0
-0.620003
-0.402793
-0.728937
-0.747945
0.47003
0
0
-0.77419
0
0
-0.43771
0
-0.620842
0.714959
0
-0.536701
0
-0.568678
-0.558692
-0.338306
0
-0.892768
-0.551853
-0.84778
-0.328735
0.348539
-0.564788
-0.493019
0
0
-0.487183
0
0
-0.872361
0
-0.55641
0.509168
-0.767969
0.792456
0
-0.574226
-0.656965
-0.581128
-0.860582
-0.765489
-0.824692
-0.249771
-0.739696
-0.540526
0
0
0
0
-0.249771
0
-0.630665
-0.297969
-0.410566
0
-0.72561
0.800957
0
0
0
-0.219315
-0.249771
0
0
-0.848322
-0.249771
-0.310517
-0.382753
0.787034
0.445701
-0.367473
-0.718666
-0.249771
0
0.921608
-0.74843
-0.423734
-0.307867
-0.478534
-0.52924
-0.541503
-0.654902
-0.517465
-0.434179
-0.601076
-0.342176
-0.736088
0
-0.548093
-0.626163
-0.5183
-0.402793
-0.878389
-0.798656
0
-0.653769
-0.565109
-0.402793
0
-0.402812
-0.855248
0
-0.423164
-0.410472
0
0
-0.714813
0
-0.449612
-0.84913
-0.642967
-0.405213
-0.259477
-0.342176
-0.337657
-0.768404
0.619375
0
0
-0.412127
-0.385146
-0.505197
-0.862581
-0.5604
-0.478534
-0.666556
-0.516603
-0.256964
0
-0.418459
-0.934017
0
-0.324845
-0.437863
-0.703891
0
0
-0.669792
-0.409713
-0.762719
0.768154
0
-0.940177
0
0
-0.84868
-0.374731
0
-0.215027
0
-0.608188
0
0
-0.59326
-0.796026
-0.263642
0
-0.450219
0
0
0.353682
-0.542515
0
-0.526818
-0.561919
0
0.375945
-0.698166
-0.533375
-0.409637
0
0
0
-0.629801
-0.351212
-0.817017
0
0
0
0.665344
-0.432136
-0.647311
-0.797336
0
-0.927331
0.555937
-0.382646
-0.590594
0
0.484502
0.641681
-0.378374
-0.907024
-0.485645
0
-0.62154
0
-0.308733
0
0
-0.57372
0
-0.716069
0
-0.60739
0
-0.307949
-0.478583
-0.448288
-0.754055
0
0.20841
-0.620215
-0.588666
0
0.620439
0
-0.744401
0
0

0
0
-0.598684
-0.759724
-0.434601
-0.687373
-0.260972
-0.535183
0.681252
0.623193
-0.539706
-0.646533
-0.659093
0
0
-0.544212
-0.255473
-0.426009
-0.509711
-0.508998
-0.347114
-0.895032
-0.925791
0
0
0.493055
0
-0.73395
-0.437487
0
0
-0.427433
-0.401229
-0.618307
-0.263861
-0.886888
0
-0.664861
0
-0.387306
-0.268167
-0.29795
-0.64004
0.384969
0
-0.354898
0
0
-0.364188
-0.34898
0
-0.538819
0
-0.652737
-0.469229
-0.720264
0.691221
-0.311618
-0.743753
-0.379939
-0.363618
-0.342176
-0.555027
0
0.550924
-0.499693
-0.79689
0
0
-0.449578
0
0
0
-0.303459
0
0
0
0
0
0
-0.269081
-0.589747
0
-0.31331
0
0.632019
-0.54985
0.763802
0.336636
-0.807392
0
0.298851
-0.421454
0
0
0.515279
-0.299373
-0.574899
-0.21183
0
-0.673298
0
-0.526818
-0.374864
-0.491477
-0.406904
-0.565986
0
-0.33227
-0.74817
-0.707873
-0.790928
-0.267387
0
0
-0.706688
-0.813847
0
0
0
0
-0.543619
-0.37096
-0.63365
-0.571839
0
0
0
0
-0.758277
0
0
-0.822116
0
0
0
-0.884174
-0.692515
-0.526818
0
-0.575896
-0.418077
0
0
0
-0.830451
-0.76533
0
0
-0.517397
-0.752651
-0.391791
0
-0.307597
-0.45442
-0.548355
-0.637354
-0.456824
-0.468411
-0.949427
0
0
-0.325538
-0.522668
-0.860555
-0.708208
0
0.719757
-0.539759
-0.893543
0.548473
0.291713
-0.827519
-0.328357
0.562632
-0.335027
0
-0.583033
-0.439328
-0.223351
-0.842118
-0.851099
-0.766867
-0.534178
-0.907883
-0.836627
-0.576798
-0.643211
-0.828621
-0.667039
0.416515
-0.599757
-0.619366
-0.426667
-0.273954
-0.640091
-0.440654
-0.787945
-0.726112
0
-0.526818
0
-0.394305
-0.808459
0.338332
-0.398956
-0.767116
0
-0.569188
-0.261636
-0.266801
0
-0.33519
0
0
0
-0.526818
-0.779695
0
-0.72591
-0.643516
-0.53697
-0.615935
-0.76679
-0.549658
-0.454914
-0.906785
-0.571594
0.602706
-0.506114
0
-0.589704
-0.767344
-0.755659
0
-0.559378
0
-0.439843
0
-0.318656
0
0.213627
-0.423439
-0.543194
0

-0.383249
0
-0.325025
0
-0.702298
0
0
-0.790212
-0.481643
-0.791918
0
-0.7881
0
0
0.449358
-0.658783
-0.538228
-0.945187
-0.682509
-0.495153
-0.332657
-0.740638
-0.667094
0
-0.527925
-0.342176
-0.65529
0
-0.810023
0
-0.813202
0.720627
-0.264001
-0.852262
0.543257
0.213388
-0.561919
-0.339073
-0.664204
-0.823313
-0.55947
0
-0.344395
0
-0.348511
-0.526818
-0.38782
-0.802292
-0.757281
0
-0.545133
0
-0.565822
-0.607236
0
0
0
-0.890354
-0.345847
-0.657631
-0.744188
0
-0.215169
-0.915703
-0.333357
0
0.428522
0
-0.787816
-0.84255
-0.342176
0
0.600812
-0.801742
0
0
-0.466457
-0.412412
-0.360241
-0.46979
-0.648598
0
0.346501
0
-0.31022
0.426665
-0.378397
-0.813561
-0.774618
0.364119
-0.705015
0
-0.299587
-0.414123
0
-0.482711
-0.708287
-0.462181
0
-0.645431
-0.893711
0
-0.741176
0
0
-0.833741
-0.416424
-0.537457
-0.420941
-0.368163
-0.526818
-0.570936
0
-0.674048
0
-0.564768
-0.874871
-0.756841
0
-0.342176
-0.342176
-0.618887
0
-0.279779
-0.535835
0.467083
0
-0.679904
-0.898561
0.718316
0
-0.617164
0.429099
-0.412692
-0.43701
-0.779615
0
0
-0.339436
-0.446351
-0.535835
-0.673437
-0.424506
-0.657653
-0.201128
0.453514
-0.0306091
-0.718144
-0.449947
-0.671
-0.342876
-0.522198
-0.624265
0
0
-0.893888
-0.342702
0.838508
-0.525416
-0.73395
-0.328997
-0.645123
-0.842138
0
0
0
0
-0.518461
-0.526818
-0.624938
-0.459225
-0.569412
-0.458398
-0.413458
-0.468772
0
0
-0.648647
-0.739525
-0.558453
-0.666549
-0.806488
0
0
-0.567458
0.705583
-0.689716
0.545408
-0.486737
-0.63355
0.522761
-0.329104
0.620613
0
-0.540199
-0.889546
-0.594004
-0.563213
-0.818255
0
0.261404
-0.944512
-0.694027
-0.271154
-0.670433
-0.710824
-0.456777
-0.609122
-0.402626
0
-0.575688
-0.797388
-0.563133
0
0
-0.407743
-0.232203
0
0
-0.660004
-0.365371
0
-0.639825
-0.526818
0.81753
-0.333983
-0.285136
-0.755013
-0.342176
0
-0.544305
-0.659851

0
-0.57425
-0.526818
0
0
-0.564714
0
-0.300554
-0.40911
-0.736507
-0.342176
0
0.839269
0
0
-0.747687
0.470386
-0.349431
-0.62412
-0.775935
-0.393651
0.479203
-0.739482
-0.31855
-0.803209
0.221501
-0.731919
-0.758694
-0.862589
-0.687229
-0.453294
-0.73209
-0.791074
-0.370594
0
-0.404045
-0.762827
-0.440959
0
-0.480049
-0.366336
0
-0.415678
-0.49386
-0.342176
-0.632872
0.573274
0.449472
0
0
0
-0.526818
-0.375955
-0.254655
-0.505672
0
0
-0.787397
-0.669388
-0.665514
-0.89851
0
0
-0.732087
0
0
0.245537
-0.311014
-0.270115
-0.467456
-0.251153
-0.474414
-0.65751
0
0
0
0
-0.599388
-0.680762
0
0.471021
-0.264218
0.20867
-0.554102
0
0.335484
0
-0.24464
0
-0.549763
0
-0.515959
-0.599957
-0.703282
-0.599957
-0.314378
0
-0.510864
-0.277024
0
0
-0.592164
0
0
0.871174
-0.402097
0
-0.618587
-0.52703
-0.746182
0
0
-0.294201
0
-0.458565
0
0
-0.378244
0
-0.483612
0
-0.522198
0
0.297766
0
-0.757281
0
-0.595506
-0.769265
-0.766938
0
0
0.433968
0
0
0
0.21274
-0.488868
-0.583275
0
-0.300871
0
0
0
0
-0.39379
-0.510101
0
0
-0.607081
-0.522198
-0.312622
-0.315914
-0.777072
-0.810713
0
-0.449917
0.745245
0
0.489077
0.28263
0
-0.817362
0.213388
0
-0.583275
0
-0.528797
-0.297011
0
0
-0.50571
0
0
0
0
0
-0.428574
-0.471169
-0.451945
0
0
-0.312248
0
0.271969
-0.483157
0
-0.393933
0
0
0
0
0
0
-0.570087
-0.35597
0.729846
0
-0.447697
0
-0.693855
0
0
-0.705981
-0.687841
-0.64692
0
0.599754
0
-0.379709
0.361261
-0.690632
0
-0.64692
0
-0.454076
-0.654621
-0.873263
0
-0.703253
0
-0.344863
0
-0.805337
0
0
0
0
0
0.735021
0
0
0.571631
-0.703253
-0.253865
0
0
-0.764068
-0.628982
0
-0.273436
0.410747
0.333662
0
0
0
0
0
-0.344115
0
-0.535949
-0.207878
0
0
0
0
0
-0.590614
-0.527933
-0.602985
-0.292428
0
-0.658356
0
0
0
-0.700449
0
-0.299373
0
-0.321569
0
0
0
0.381287
0
-0.399416
0
0
-0.658356
-0.521964
0
0
-0.561774
-0.486909
0
0
-0.297372
0
-0.825817
-0.302448
-0.354067
-0.550856
-0.458445
-0.366122
0
0
0
0
-0.713183
-0.328559
0
0
-0.75064
0
0
-0.450767
-0.484625
-0.518485
0
-0.765495
-0.704945
0
-0.782645
0.46639
-0.537383
-0.341794
-0.512581
0
-0.230999
0
0
-0.387204
-0.537691
0
0
-0.486978
0
-0.647116
0
0
0
0
-0.449917
-0.425985
0
0
0
-0.584141
0
-0.389507
-0.759986
0
0
0
0
0
0
0.488242
0
0.374827
0
0
0
0
0
0
0
-0.548713
0.609332
0
-0.421678
0
-0.688494
0
0
-0.60164
0
0
-0.421085
-0.568369
0
-0.270406
0
0
0
-0.342538
-0.622666
0
-0.784457
0
0
0.38703
-0.279605
0
0
-0.282313
0.52716
-0.332985
-0.215367
0
0
0
0
0
-0.607743
-0.416571
0
0
0
0
0
-0.295427
0
0
0
0
0
0
0
-0.367612
0.448525
-0.642474
-0.647116
0
0
0
-0.218643
0
-0.617606
0
0
0
0
-0.464958
0
-0.898463
0
0
0
0
-0.603241
-0.317547
0
0
-0.3061
0
0
0
0
0
-0.598334
0
0.793021
0
0.241594
0
0
0
0
-0.623121
-0.371016
-0.296974
0
-0.337224
0
0
0
0.20615
0
-0.308801
0
0.274171
-0.308923
0
0.24934
-0.3588
0
-0.36636
0
-0.464259
0
0
-0.791052
0
0
0
0
-0.404045
-0.57107
0
-0.244361
-0.286115
0
0
0
0
-0.374627
0
0
-0.322397
0
-0.52488
-0.359619
-0.317547
0.239563
-0.735485
-0.680264

-0.337144
0
-0.27546
-0.356591
0
-0.585797
0
0
0
0.630879
0
-0.590708
-0.481283
0.760586
-0.767991
-0.267311
0
0
0
-0.539288
0
0
0.572668
0
-0.571231
0
0
-0.486095
0.407286
0
0
0
0.846588
-0.346052
-0.533476
0
-0.447146
0
0
0
-0.532981
-0.809918
0
0
0
0
0.351773
0
0
-0.476475
-0.549724
-0.685661
-0.421329
0
-0.313858
0
0.448147
-0.483673
0
0
0
-0.436435
-0.453863
-0.660665
0.491549
-0.816857
0
0
-0.290305
-0.739384
0
0
0
-0.392025
-0.404992
0
0
-0.359003
0
0.526888
0
-0.328155
0
-0.522198
-0.384857
0
-0.666658
0
-0.585727
0
0.210775
0
0.245537
-0.29963
0
-0.430898
-0.653222
-0.263064
-0.538567
0
-0.288963
0
0.63072
0.57721
-0.944549
0
0
0
-0.494231
0
-0.316161
-0.232941
0
0
-0.352464
-0.79855
0
0
-0.428058
0.709836
0
0
0
0
-0.534518
-0.420431
0
-0.433325
-0.466827
0.213388
-0.278957
-0.407184
0
0
0
0.288554
-0.647411
0.621569
-0.312807
-0.478498
0
-0.335231
0
-0.585727
0
-0.286721
0.812222
-0.345752
-0.623777
-0.264726
0
-0.570127
0
-0.593303
-0.680842
0
0.460574
0
0.307421
0
0.595529
0
0
-0.932392
-0.694809
-0.699932
-0.832623
-0.288356
-0.8876
-0.855867
-0.885139
-0.374015
-0.866598
-0.684471
-0.867724
0
-0.942174
-0.917701
0
-0.551035
-0.698888
-0.619425
0
0.399311
-0.59362
0
0
-0.350599
-0.7277
0
-0.426925
-0.72646
0
-0.563924
-0.787066
-0.968324
-0.720742
-0.904896
-0.569115
-0.857782
-0.913775
-0.569403
-0.328735
-0.232941
0.580246
-0.720331
-0.652625
0.353682
0
-0.657602
-0.706607
0
0
-0.277875
-0.882337
-0.862958
-0.848955
-0.917207
-0.850849
-0.669022
-0.957498
-0.690092
-0.579349
-0.723576
-0.650396
-0.762919
-0.74627
0.646251
-0.450898
-0.397246
-0.480194
0
-0.914723
-0.789811
-0.526164
0.906303
-0.695249
-0.627821
0
-0.502356
0
0
-0.64862
-0.897979
-0.78705
0
-0.612792
-0.941597
-0.738976
0.0699261
0
-0.814656
-0.934427
-0.741173
0.414803
0.308685
0.451789
-0.651633
-0.640783
-0.885565
-0.683416
0.454675
-0.347071
-0.925421
-0.627093
-0.825799
-0.830463
-0.573746
0
-0.308427
-0.356519
-0.89225
-0.891103
0
-0.876749
-0.916532
-0.58618
-0.321124
0
0
0.622287
-0.906518
-0.337334
-0.731889
-0.938535
-0.849005
-0.706986
-0.573237
-0.92937
0
-0.647223
0.44555
0
0.308531
0
-0.729917
-0.437718
-0.723259
-0.547274
-0.72534
-0.390126
-0.584468
-0.852872
-0.846302
-0.923176
0
0.305595
-0.865684
-0.517761
-0.885973
-0.899563
-0.645216
-0.617474
-0.950141
-0.58388
-0.701372
-0.940883
-0.786365
0.343187
-0.898665
-0.888624
0
-0.911324
-0.914741
-0.864445
-0.877625
-0.823068
-0.96666
-0.859272
-0.439733
-0.538143
-0.44095
-0.936685
-0.634133
-0.725838
-0.936005
-0.226661
0
-0.885107
0.286314
-0.658203
-0.934507
0
-0.718389
-0.728099
-0.719866
-0.776691
-0.654082
-0.382832
-0.44432
-0.928384
-0.959508
-0.699965
-0.250647
-0.712177
0
-0.559459
-0.903166
-0.826818
-0.733278
-0.747089
-0.795301
-0.885565
-0.706113
-0.500517
-0.82021
-0.675983
-0.844037
-0.947315
-0.698994
-0.912466
-0.458389
-0.860126
-0.887516
-0.897979
-0.598909
-0.450758
-0.848948
-0.542423
-0.929106
-0.896623
0
-0.785001
-0.713377
-0.875849
-0.550139
0
-0.770283
-0.906344
-0.947806
-0.633541
-0.923138
-0.917197
-0.896829
0.312496
-0.759063
-0.844587
-0.947298
-0.422691
-0.646562
0.593645
-0.899232
-0.906428
-0.637327
-0.248105
-0.615762
0
-0.925636
-0.732516
-0.849892
-0.501015
-0.482244
-0.82424
-0.871473
0
-0.897979
-0.614052
-0.686554
-0.778905
-0.92737
-0.542745
-0.24182
-0.924091
-0.668472
-0.916222
0
-0.929594
-0.562616
-0.824328
-0.887987
-0.820409
0
-0.829713
-0.939929
-0.875746
-0.554047
-0.711783
0
-0.877808
-0.806709
-0.339436
-0.786078
-0.560081
0
0.21058
-0.886542
0
-0.865207
-0.942723
-0.952762
-0.849005
-0.817425
-0.823758
-0.494741
-0.718383
-0.941618
0.390169
-0.918931
-0.947389
-0.832623
-0.879841
0.564608
0.952759
-0.863815
-0.911974
-0.690227
-0.731886
-0.751579
-0.877278
-0.809518
-0.824605
-0.543226
-0.436418
0
-0.932855
-0.668427
-0.820569
-0.403049
-0.805442
-0.516449
-0.462832
-0.64157
-0.848327
-0.370218
-0.747327
-0.74775
-0.463029
-0.762286
-0.740599
-0.414939
-0.757652
-0.781951
0
0
-0.313816
-0.807347
-0.541846
-0.695035
0
-0.849166
0.37428
0.38371
-0.410291
0.875419
0.832187
0.868147
-0.857948
-0.815082
-0.759045
-0.796145
-0.92765
-0.599963
-0.683558
-0.53065

0
-0.661449
-0.68909
-0.615333
-0.795145
-0.6427
-0.722213
-0.357974
-0.757652
-0.810594
-0.891687
-0.660898
-0.647885
-0.790301
-0.720643
-0.79761
-0.757652
-0.291674
-0.904961
-0.862828
-0.328614
-0.649363
0.838601
0.241957
-0.892199
0
-0.397689
0
-0.514145
0
-0.87277
-0.732419
-0.780425
-0.916335
-0.77661
-0.867172
-0.800861
0.594203
-0.749055
0.306673
-0.574531
-0.820301
-0.694908
-0.919333
-0.879286
0.241989
-0.690989
-0.883531
-0.608075
-0.748951
-0.757652
0.503203
-0.757247
-0.416099
-0.723088
-0.613938
-0.482144
-0.701644
-0.865516
-0.825542
0
-0.610256
-0.955737
-0.693764
-0.673538
0
0
-0.384931
0
-0.742977
-0.665071
-0.932441
-0.765975
0.220418
-0.71878
-0.918193
-0.675326
-0.514567
-0.770115
-0.832831
-0.735026
0
0
0
-0.441535
0
-0.468021
0.218662
-0.263568
-0.836379
-0.61561
0
0.35784
-0.362488
-0.775593
0
0.314834
-0.760363
0
0
0.656623
-0.539495
-0.59984
0
-0.525596
0
-0.607606
-0.298009
-0.376122
-0.628983
0.338181
0.548395
-0.632432
0.381041
0
-0.597847
0
0
-0.447196
0.651814
-0.358285
-0.831138
0.548395
-0.538437
0
-0.609656
0
0
0
-0.723135
0
-0.493321
-0.696541
0
-0.307198
-0.247816
0
-0.578089
-0.766036
-0.626472
0.46552
-0.504149
-0.632432
-0.770453
-0.632432
0
0
-0.447196
0
-0.696541
0
-0.763995
-0.246981
0.548395
-0.338846
0
-0.482853
0
-0.492132
0
0.435316
-0.393978
0
-0.320974
0.548395
-0.706781
0.656623
0
-0.683236
-0.590623
0.40474
-0.814955
-0.438581
0
0
0
0.381041
-0.835934
0
0.548395
-0.504178
-0.632432

0
0.656623
0
0
-0.609009
0.548395
0
0.548395
0.450831
-0.345724
-0.773412
0
-0.492235
0
0
0.442709
0
-0.44028
-0.653689
0
-0.299685
-0.496323
0
0
-0.363231
0
0
-0.618758
0
-0.6675
-0.766343
0.355913
-0.470793
0
0
-0.393335
-0.825556
-0.315293
0
-0.330087
0
0
-0.659041
-0.206466
-0.57165
-0.707143
-0.472612
-0.640298
0.263628
0
0
-0.801625
0
-0.383903
0
0
-0.510208
0
0
0
-0.598101
0
0
0
0
0
0
-0.808176
0
-0.247237
-0.331241
-0.328578
0

-0.676342
0.448309
-0.802589
-0.374478
0
0
0
0.252562
-0.393605
-0.742483
0
-0.583689
0.438374
0.3656
0
-0.289447
0
-0.345151
0
0.909955
0
0
-0.772496
-0.325582
0
0
0
0
0
0.340874
-0.539706
0
-0.347736
0
-0.677126
0.262924
0
-0.833191
-0.77942
0
0.315163
0
-0.495298
0
0.56518
0
0
0
0
-0.320427
-0.738323
0
-0.843745
0.38224
-0.425082
-0.711083
-0.790034
-0.66827
0.215441
-0.527283
0.576615
0
0.348363
0
-0.49929
0.351089
-0.66827
0
-0.298766
-0.561987
0.606287
-0.345566
-0.352221
-0.722612
-0.804213
0
0
0
-0.451937
-0.51692
0
0.518399
-0.61188
-0.758678
0.565741
0
-0.384643
-0.654484
0
-0.586179
-0.525434
0.388802
-0.850137
-0.762562
-0.69745
0
-0.513893
-0.82034
-0.360386
0
0
-0.530051
-0.512072
-0.426583
-0.486379
0
-0.451256
-0.911878
-0.653709
0
-0.84702
-0.361819
-0.435296
0
0.478188
0
-0.261133
0
-0.601937
-0.888487
-0.3321
-0.509043
-0.519781
0
0
0
0.485318
-0.580108
-0.359934
-0.502835
0
0
-0.938021
-0.817132
-0.411303
-0.731691
-0.529673
-0.735321
0.539375
-0.73392
-0.61571
0.664973
-0.574913
-0.699087
0
-0.851736
-0.921085
-0.468859
-0.570569
-0.880433